! Basis data obtained from ORCA (transformed using utility mkl2gjf in MOKIT)
! Basis name : DKH-def2-QZVPP
! Basis description : relativistically recontracted Karlsruhe basis sets; all-electron basis set for DKH calculations
!
!------------------------------------------------
! status : unpublished
! type : orbital
!------------------------------------------------
!
! Elements                             References
! --------                             ----------
! H-Kr                                 Please cite ORCA
-H 0
S   4  1.00
    1.9069169000E+02    5.8569389358E-03
    2.8605532000E+01    4.3158057292E-02
    6.5095943000E+00    2.3167966585E-01
    1.8412455000E+00    7.9313624484E-01
S   1  1.00
    5.9853725000E-01    1.0000000000E+00
S   1  1.00
    2.1397624000E-01    1.0000000000E+00
S   1  1.00
    8.0316286000E-02    1.0000000000E+00
P   1  1.00
    2.2920000000E+00    1.0000000000E+00
P   1  1.00
    8.3800000000E-01    1.0000000000E+00
P   1  1.00
    2.9200000000E-01    1.0000000000E+00
D   1  1.00
    2.0620000000E+00    1.0000000000E+00
D   1  1.00
    6.6200000000E-01    1.0000000000E+00
F   1  1.00
    1.3970000000E+00    1.0000000000E+00
****
-He 0
S   5  1.00
    1.1446470809E+03    1.7223704929E-03
    1.7164596667E+02    1.2836372161E-02
    3.9066056254E+01    6.5704518625E-02
    1.1051401989E+01    2.5554248163E-01
    3.5725574470E+00    7.4484688575E-01
S   1  1.00
    1.2429415960E+00    1.0000000000E+00
S   1  1.00
    4.4807668700E-01    1.0000000000E+00
S   1  1.00
    1.6411579100E-01    1.0000000000E+00
P   1  1.00
    5.9940000000E+00    1.0000000000E+00
P   1  1.00
    1.7450000000E+00    1.0000000000E+00
P   1  1.00
    5.6000000000E-01    1.0000000000E+00
D   1  1.00
    4.2990000000E+00    1.0000000000E+00
D   1  1.00
    1.2230000000E+00    1.0000000000E+00
F   1  1.00
    2.6800000000E+00    1.0000000000E+00
****
-Li 0
S   9  1.00
    1.4853977085E+04    6.9723223750E-05
    2.2252236477E+03    4.0710473905E-04
    5.0488739008E+02    2.0495575222E-03
    1.4245847548E+02    8.5046471228E-03
    4.6315599580E+01    2.9846751730E-02
    1.6655335474E+01    8.8395855836E-02
    6.4331186200E+00    2.0952604834E-01
    2.6027043860E+00    3.7381563086E-01
    1.0897245410E+00    4.1970383966E-01
S   1  1.00
    4.4236595970E+00    1.0000000000E+00
S   1  1.00
    1.2356394990E+00    1.0000000000E+00
S   1  1.00
    4.6067470600E-01    1.0000000000E+00
S   1  1.00
    9.6617167000E-02    1.0000000000E+00
S   1  1.00
    4.5915452000E-02    1.0000000000E+00
S   1  1.00
    2.1140049000E-02    1.0000000000E+00
P   3  1.00
    3.2605109210E+00    3.5568118710E-01
    6.5003043100E-01    7.4545173275E-02
    1.6941671100E-01    8.3413453981E-01
P   1  1.00
    5.5732344000E-02    1.0000000000E+00
P   1  1.00
    2.0489959000E-02    1.0000000000E+00
P   1  1.00
    3.3270000000E+00    1.0000000000E+00
D   1  1.00
    2.3000000000E-01    1.0000000000E+00
D   1  1.00
    7.5700000000E-02    1.0000000000E+00
F   1  1.00
    1.3500000000E-01    1.0000000000E+00
****
-Be 0
S   8  1.00
    2.9646704407E+04    1.2132424843E-04
    4.4287614354E+03    6.2553053842E-04
    1.0054701332E+03    3.0128323919E-03
    2.8415339578E+02    1.2346949512E-02
    9.2504356461E+01    4.3468646251E-02
    3.3311016058E+01    1.2978874742E-01
    1.2911553314E+01    3.1785922943E-01
    5.2665497360E+00    5.9195694235E-01
S   1  1.00
    2.2995386380E+01    1.0000000000E+00
S   1  1.00
    6.6236354180E+00    1.0000000000E+00
S   1  1.00
    2.2289595000E+00    1.0000000000E+00
S   1  1.00
    9.5302433500E-01    1.0000000000E+00
S   1  1.00
    2.4651602400E-01    1.0000000000E+00
S   1  1.00
    1.0153895300E-01    1.0000000000E+00
S   1  1.00
    4.1551375000E-02    1.0000000000E+00
P   4  1.00
    1.4099789445E+01    1.1134872547E-02
    3.1803188480E+00    7.5162864270E-02
    9.0489220500E-01    1.5266047088E-01
    3.0411585500E-01    8.5973334614E-01
P   1  1.00
    1.1302606700E-01    1.0000000000E+00
P   1  1.00
    4.2831734000E-02    1.0000000000E+00
P   1  1.00
    6.4000000000E+00    1.0000000000E+00
D   1  1.00
    3.6000000000E-01    1.0000000000E+00
D   1  1.00
    9.0000000000E-02    1.0000000000E+00
F   1  1.00
    2.9000000000E-01    1.0000000000E+00
****
-B 0
S   8  1.00
    4.6447667056E+04    1.4078190394E-04
    6.9576889042E+03    6.6449162311E-04
    1.5834428403E+03    3.0574768392E-03
    4.4846601009E+02    1.2346627924E-02
    1.4628639262E+02    4.3241065084E-02
    5.2784386084E+01    1.2916709850E-01
    2.0519396170E+01    3.1756358319E-01
    8.4185659260E+00    5.9220933968E-01
S   1  1.00
    3.6510018312E+01    1.0000000000E+00
S   1  1.00
    1.0541854005E+01    1.0000000000E+00
S   1  1.00
    3.6004091390E+00    1.0000000000E+00
S   1  1.00
    1.5617023750E+00    1.0000000000E+00
S   1  1.00
    4.4997370800E-01    1.0000000000E+00
S   1  1.00
    1.8075230200E-01    1.0000000000E+00
S   1  1.00
    7.1596696000E-02    1.0000000000E+00
P   5  1.00
    7.2240462760E+01    2.3949821955E-03
    1.6807707208E+01    1.8852109502E-02
    5.2259410750E+00    8.4835249758E-02
    1.8508350670E+00    2.8537607901E-01
    7.2206782700E-01    7.1626156176E-01
P   1  1.00
    2.9491018100E-01    1.0000000000E+00
P   1  1.00
    1.2201141800E-01    1.0000000000E+00
P   1  1.00
    4.9865394000E-02    1.0000000000E+00
D   1  1.00
    1.1100000000E+00    1.0000000000E+00
D   1  1.00
    4.0200000000E-01    1.0000000000E+00
D   1  1.00
    1.4500000000E-01    1.0000000000E+00
F   1  1.00
    8.8200000000E-01    1.0000000000E+00
F   1  1.00
    3.1100000000E-01    1.0000000000E+00
G   1  1.00
    6.7300000000E-01    1.0000000000E+00
****
-C 0
S   8  1.00
    6.7025071029E+04    1.5986323791E-04
    1.0039986538E+04    7.0615301114E-04
    2.2849316911E+03    3.1130967960E-03
    6.4714122130E+02    1.2387405488E-02
    2.1109472335E+02    4.3213830999E-02
    7.6177643862E+01    1.2909647584E-01
    2.9633839163E+01    3.1803660955E-01
    1.2187785081E+01    5.9153982275E-01
S   1  1.00
    5.3026006299E+01    1.0000000000E+00
S   1  1.00
    1.5258502776E+01    1.0000000000E+00
S   1  1.00
    5.2403957460E+00    1.0000000000E+00
S   1  1.00
    2.2905022380E+00    1.0000000000E+00
S   1  1.00
    6.9673283000E-01    1.0000000000E+00
S   1  1.00
    2.7599337400E-01    1.0000000000E+00
S   1  1.00
    1.0739884400E-01    1.0000000000E+00
P   5  1.00
    1.0512555082E+02    2.5374397868E-03
    2.4884461066E+01    1.9613149414E-02
    7.8637230830E+00    8.8931408012E-02
    2.8407001840E+00    2.9483108418E-01
    1.1227137330E+00    7.0260098182E-01
P   1  1.00
    4.6050725500E-01    1.0000000000E+00
P   1  1.00
    1.8937530900E-01    1.0000000000E+00
P   1  1.00
    7.5983792000E-02    1.0000000000E+00
D   1  1.00
    1.8480000000E+00    1.0000000000E+00
D   1  1.00
    6.4900000000E-01    1.0000000000E+00
D   1  1.00
    2.2800000000E-01    1.0000000000E+00
F   1  1.00
    1.4190000000E+00    1.0000000000E+00
F   1  1.00
    4.8500000000E-01    1.0000000000E+00
G   1  1.00
    1.0110000000E+00    1.0000000000E+00
****
-N 0
S   8  1.00
    9.0726889210E+04    1.7955261187E-04
    1.3590528801E+04    7.5317633728E-04
    3.0929883781E+03    3.1907352563E-03
    8.7599876362E+02    1.2487249370E-02
    2.8574469982E+02    4.3348043801E-02
    1.0311913417E+02    1.2936824288E-01
    4.0128556777E+01    3.1869490442E-01
    1.6528095704E+01    5.9039768397E-01
S   1  1.00
    6.9390960983E+01    1.0000000000E+00
S   1  1.00
    2.0428200596E+01    1.0000000000E+00
S   1  1.00
    7.1292587970E+00    1.0000000000E+00
S   1  1.00
    3.1324304890E+00    1.0000000000E+00
S   1  1.00
    9.8755778700E-01    1.0000000000E+00
S   1  1.00
    3.8765721300E-01    1.0000000000E+00
S   1  1.00
    1.4909883100E-01    1.0000000000E+00
P   5  1.00
    1.5005742670E+02    2.5074299678E-03
    3.5491599483E+01    1.9584637532E-02
    1.1247864223E+01    9.0496798310E-02
    4.0900305190E+00    2.9954750047E-01
    1.6220573150E+00    6.9658182352E-01
P   1  1.00
    6.6442261500E-01    1.0000000000E+00
P   1  1.00
    2.7099770100E-01    1.0000000000E+00
P   1  1.00
    1.0688750000E-01    1.0000000000E+00
D   1  1.00
    2.8370000000E+00    1.0000000000E+00
D   1  1.00
    9.6800000000E-01    1.0000000000E+00
D   1  1.00
    3.3500000000E-01    1.0000000000E+00
F   1  1.00
    2.0270000000E+00    1.0000000000E+00
F   1  1.00
    6.8500000000E-01    1.0000000000E+00
G   1  1.00
    1.4270000000E+00    1.0000000000E+00
****
-O 0
S   8  1.00
    1.1650646908E+05    2.0148804532E-04
    1.7504349724E+04    8.0864522933E-04
    3.9934513230E+03    3.2977507308E-03
    1.1330063186E+03    1.2657044514E-02
    3.6999569594E+02    4.3642927321E-02
    1.3362074349E+02    1.2990195449E-01
    5.2035643649E+01    3.1955264543E-01
    2.1461939313E+01    5.8870275188E-01
S   1  1.00
    8.9835051252E+01    1.0000000000E+00
S   1  1.00
    2.6428010844E+01    1.0000000000E+00
S   1  1.00
    9.2822824650E+00    1.0000000000E+00
S   1  1.00
    4.0947728530E+00    1.0000000000E+00
S   1  1.00
    1.3255349080E+00    1.0000000000E+00
S   1  1.00
    5.1877230800E-01    1.0000000000E+00
S   1  1.00
    1.9772676500E-01    1.0000000000E+00
P   5  1.00
    1.9115255810E+02    2.6121700681E-03
    4.5233356739E+01    2.0367437940E-02
    1.4353465922E+01    9.4718755389E-02
    5.2422371830E+00    3.0926854427E-01
    2.0792418600E+00    6.8441898224E-01
P   1  1.00
    8.4282371400E-01    1.0000000000E+00
P   1  1.00
    3.3617694900E-01    1.0000000000E+00
P   1  1.00
    1.2863998000E-01    1.0000000000E+00
D   1  1.00
    3.7750000000E+00    1.0000000000E+00
D   1  1.00
    1.3000000000E+00    1.0000000000E+00
D   1  1.00
    4.4400000000E-01    1.0000000000E+00
F   1  1.00
    2.6660000000E+00    1.0000000000E+00
F   1  1.00
    8.5900000000E-01    1.0000000000E+00
G   1  1.00
    1.8460000000E+00    1.0000000000E+00
****
-F 0
S   8  1.00
    1.3253597345E+05    2.2966895573E-04
    1.9758112588E+04    9.1188228974E-04
    4.4851996947E+03    3.6615507329E-03
    1.2738151020E+03    1.3798338913E-02
    4.1893831236E+02    4.6650801385E-02
    1.5255721985E+02    1.3604941050E-01
    5.9821524823E+01    3.2616094677E-01
    2.4819076932E+01    5.7389702364E-01
S   1  1.00
    1.0074446673E+02    1.0000000000E+00
S   1  1.00
    3.0103728290E+01    1.0000000000E+00
S   1  1.00
    1.0814283272E+01    1.0000000000E+00
S   1  1.00
    4.8172886770E+00    1.0000000000E+00
S   1  1.00
    1.6559334210E+00    1.0000000000E+00
S   1  1.00
    6.4893519600E-01    1.0000000000E+00
S   1  1.00
    2.4778104500E-01    1.0000000000E+00
P   5  1.00
    2.4096654114E+02    2.6783426311E-03
    5.7020699781E+01    2.0855873859E-02
    1.8126952120E+01    9.7425323217E-02
    6.6457404620E+00    3.1482034830E-01
    2.6375722890E+00    6.7709542072E-01
P   1  1.00
    1.0638217200E+00    1.0000000000E+00
P   1  1.00
    4.1932562800E-01    1.0000000000E+00
P   1  1.00
    1.5747588300E-01    1.0000000000E+00
D   1  1.00
    5.0140000000E+00    1.0000000000E+00
D   1  1.00
    1.7250000000E+00    1.0000000000E+00
D   1  1.00
    5.8600000000E-01    1.0000000000E+00
F   1  1.00
    3.5620000000E+00    1.0000000000E+00
F   1  1.00
    1.1480000000E+00    1.0000000000E+00
G   1  1.00
    2.3760000000E+00    1.0000000000E+00
****
-Ne 0
S   8  1.00
    1.6067627955E+05    2.4982668134E-04
    2.3953195039E+04    9.6400591672E-04
    5.4375063711E+03    3.7621732576E-03
    1.5442741024E+03    1.3939090634E-02
    5.0788814269E+02    4.6797924201E-02
    1.8494847750E+02    1.3620937642E-01
    7.2522952039E+01    3.2596480323E-01
    3.0088713575E+01    5.7382270707E-01
S   1  1.00
    1.2068434940E+02    1.0000000000E+00
S   1  1.00
    3.6074294857E+01    1.0000000000E+00
S   1  1.00
    1.3052091210E+01    1.0000000000E+00
S   1  1.00
    5.7974783350E+00    1.0000000000E+00
S   1  1.00
    2.0478626900E+00    1.0000000000E+00
S   1  1.00
    8.0214572000E-01    1.0000000000E+00
S   1  1.00
    3.0548672200E-01    1.0000000000E+00
P   6  1.00
    4.9843397466E+02    9.5435721794E-04
    1.1814109217E+02    7.5852392906E-03
    3.8032529735E+01    3.7802802976E-02
    1.4183731950E+01    1.3435591118E-01
    5.7864190720E+00    3.4403424159E-01
    2.4599622160E+00    6.0208450372E-01
P   1  1.00
    1.0421999500E+00    1.0000000000E+00
P   1  1.00
    4.2987748900E-01    1.0000000000E+00
P   1  1.00
    1.6889708400E-01    1.0000000000E+00
D   1  1.00
    6.4710000000E+00    1.0000000000E+00
D   1  1.00
    2.2130000000E+00    1.0000000000E+00
D   1  1.00
    7.4700000000E-01    1.0000000000E+00
F   1  1.00
    4.6570000000E+00    1.0000000000E+00
F   1  1.00
    1.5240000000E+00    1.0000000000E+00
G   1  1.00
    2.9830000000E+00    1.0000000000E+00
****
-Na 0
S   10  1.00
    3.7985220081E+05    1.1147070694E-04
    5.6886006378E+04    3.8667185261E-04
    1.2942701838E+04    1.3446809205E-03
    3.6643017904E+03    4.6254730984E-03
    1.1947417499E+03    1.5383197002E-02
    4.3098192917E+02    4.6871130567E-02
    1.6783169424E+02    1.2327288804E-01
    6.9306669040E+01    2.6549745688E-01
    2.9951170886E+01    4.0108333135E-01
    1.3380791097E+01    2.7781699104E-01
S   1  1.00
    1.2174011283E+02    1.0000000000E+00
S   1  1.00
    3.7044143387E+01    1.0000000000E+00
S   1  1.00
    1.3995422624E+01    1.0000000000E+00
S   1  1.00
    5.9827797430E+00    1.0000000000E+00
S   1  1.00
    2.4830455120E+00    1.0000000000E+00
S   1  1.00
    1.0452506190E+00    1.0000000000E+00
S   1  1.00
    4.3875640400E-01    1.0000000000E+00
S   1  1.00
    6.5595633000E-02    1.0000000000E+00
S   1  1.00
    3.0561925000E-02    1.0000000000E+00
S   1  1.00
    1.5509064000E-02    1.0000000000E+00
P   8  1.00
    6.9077627017E+02    4.3008897617E-04
    1.6382806121E+02    3.3879004835E-03
    5.2876460769E+01    1.7153765919E-02
    1.9812270493E+01    6.2380531376E-02
    8.1320378780E+00    1.6532859086E-01
    3.4969068380E+00    3.0210688493E-01
    1.5117244150E+00    3.7801550262E-01
    6.4479294900E-01    2.9310631922E-01
P   1  1.00
    2.6145823300E-01    1.0000000000E+00
P   1  1.00
    1.1704726100E-01    1.0000000000E+00
P   1  1.00
    4.0494748000E-02    1.0000000000E+00
P   1  1.00
    1.5666707000E-02    1.0000000000E+00
D   1  1.00
    5.3000000000E+00    1.0000000000E+00
D   1  1.00
    1.5900000000E+00    1.0000000000E+00
D   1  1.00
    2.3000000000E-01    1.0000000000E+00
D   1  1.00
    7.5700000000E-02    1.0000000000E+00
F   1  1.00
    4.2700000000E+00    1.0000000000E+00
F   1  1.00
    1.3500000000E-01    1.0000000000E+00
****
-Mg 0
S   10  1.00
    6.0596778753E+05    9.4600782188E-05
    9.0569094692E+04    3.1486014509E-04
    2.0574252844E+04    1.0374254843E-03
    5.8186284865E+03    3.3795828419E-03
    1.8956296075E+03    1.0920783856E-02
    6.8345941021E+02    3.3213235901E-02
    2.6618219762E+02    8.9755115206E-02
    1.1011220010E+02    2.0475358612E-01
    4.7777041234E+01    3.4628096841E-01
    2.1542166149E+01    4.3534638934E-01
S   1  1.00
    1.7412136378E+02    1.0000000000E+00
S   1  1.00
    5.3484972498E+01    1.0000000000E+00
S   1  1.00
    2.0500213307E+01    1.0000000000E+00
S   1  1.00
    9.8056826920E+00    1.0000000000E+00
S   1  1.00
    3.5402989350E+00    1.0000000000E+00
S   1  1.00
    1.5450850050E+00    1.0000000000E+00
S   1  1.00
    6.6540195400E-01    1.0000000000E+00
S   1  1.00
    1.4355439100E-01    1.0000000000E+00
S   1  1.00
    6.6624673000E-02    1.0000000000E+00
S   1  1.00
    2.9772648000E-02    1.0000000000E+00
P   8  1.00
    8.9320460829E+02    4.0921183701E-04
    2.1178258286E+02    3.1823421582E-03
    6.8443200537E+01    1.6247771916E-02
    2.5727265349E+01    5.9828753778E-02
    1.0606634281E+01    1.6163760181E-01
    4.5934126480E+00    3.0223795696E-01
    2.0100469810E+00    3.8441087594E-01
    8.7384841500E-01    2.8521514884E-01
P   1  1.00
    3.5615076700E-01    1.0000000000E+00
P   1  1.00
    1.8995954400E-01    1.0000000000E+00
P   1  1.00
    7.4580136000E-02    1.0000000000E+00
P   1  1.00
    2.9221641000E-02    1.0000000000E+00
D   1  1.00
    6.9300000000E+00    1.0000000000E+00
D   1  1.00
    2.1000000000E+00    1.0000000000E+00
D   1  1.00
    6.5000000000E-01    1.0000000000E+00
D   1  1.00
    2.0000000000E-01    1.0000000000E+00
D   1  1.00
    5.2000000000E-02    1.0000000000E+00
F   1  1.00
    5.6000000000E+00    1.0000000000E+00
F   1  1.00
    1.6000000000E-01    1.0000000000E+00
****
-Al 0
S   10  1.00
    7.5455078265E+05    9.5274562361E-05
    1.1299938922E+05    3.1040531389E-04
    2.5715831759E+04    9.9596076491E-04
    7.2836030283E+03    3.1493406777E-03
    2.3760008796E+03    9.9620994292E-03
    8.5765468087E+02    3.0034518658E-02
    3.3438922598E+02    8.1214921969E-02
    1.3848504731E+02    1.8731125880E-01
    6.0150368808E+01    3.2826953719E-01
    2.7127610860E+01    4.7900892520E-01
S   1  1.00
    2.2536500065E+02    1.0000000000E+00
S   1  1.00
    6.9341968124E+01    1.0000000000E+00
S   1  1.00
    2.6619335712E+01    1.0000000000E+00
S   1  1.00
    1.2349420671E+01    1.0000000000E+00
S   1  1.00
    4.5878785990E+00    1.0000000000E+00
S   1  1.00
    2.0571338100E+00    1.0000000000E+00
S   1  1.00
    9.0864549400E-01    1.0000000000E+00
S   1  1.00
    2.4226988000E-01    1.0000000000E+00
S   1  1.00
    1.1248136900E-01    1.0000000000E+00
S   1  1.00
    4.8156493000E-02    1.0000000000E+00
P   8  1.00
    1.4896119522E+03    2.6998252413E-04
    3.5301399267E+02    2.0326016430E-03
    1.1440764069E+02    1.0651107899E-02
    4.3312186111E+01    4.0956651445E-02
    1.8027322216E+01    1.2062431979E-01
    7.9675432400E+00    2.5716007409E-01
    3.6090399540E+00    3.8225957944E-01
    1.6456081630E+00    3.6923610112E-01
P   1  1.00
    3.4731187489E+01    1.0000000000E+00
P   1  1.00
    1.2553083630E+00    1.0000000000E+00
P   1  1.00
    7.3635534300E-01    1.0000000000E+00
P   1  1.00
    2.4686465600E-01    1.0000000000E+00
P   1  1.00
    9.4821972000E-02    1.0000000000E+00
P   1  1.00
    3.6214166000E-02    1.0000000000E+00
D   1  1.00
    1.9700000000E+00    1.0000000000E+00
D   1  1.00
    4.3700000000E-01    1.0000000000E+00
D   1  1.00
    1.9500000000E-01    1.0000000000E+00
D   1  1.00
    8.0000000000E-02    1.0000000000E+00
F   1  1.00
    1.5400000000E-01    1.0000000000E+00
F   1  1.00
    4.0100000000E-01    1.0000000000E+00
G   1  1.00
    3.5700000000E-01    1.0000000000E+00
****
-Si 0
S   10  1.00
    9.1807069565E+05    8.7099020341E-06
    1.3748525386E+05    2.7934817980E-05
    3.1287772714E+04    8.7775952874E-05
    8.8616105697E+03    2.7084425772E-04
    2.8906943156E+03    8.4039418883E-04
    1.0434063979E+03    2.5128679221E-03
    4.0680160276E+02    6.7858862235E-03
    1.6848360207E+02    1.5747906199E-02
    7.3185628823E+01    2.8044848200E-02
    3.2998485420E+01    9.6130956268E-01
S   1  1.00
    2.7878751325E+02    1.0000000000E+00
S   1  1.00
    8.5910228722E+01    1.0000000000E+00
S   1  1.00
    3.2992604031E+01    1.0000000000E+00
S   1  1.00
    1.5033693254E+01    1.0000000000E+00
S   1  1.00
    5.7257514770E+00    1.0000000000E+00
S   1  1.00
    2.6146521030E+00    1.0000000000E+00
S   1  1.00
    1.1757833150E+00    1.0000000000E+00
S   1  1.00
    3.5432330900E-01    1.0000000000E+00
S   1  1.00
    1.6248335800E-01    1.0000000000E+00
S   1  1.00
    6.8332457000E-02    1.0000000000E+00
P   8  1.00
    1.7758850516E+03    2.7402733059E-04
    4.2083786849E+02    2.0211872379E-03
    1.3642290243E+02    1.0580859001E-02
    5.1700991737E+01    4.0695764376E-02
    2.1559456002E+01    1.2069784491E-01
    9.5559200090E+00    2.5809513983E-01
    4.3529819470E+00    3.8215537280E-01
    2.0096964380E+00    3.6596885786E-01
P   1  1.00
    4.6418153780E+01    1.0000000000E+00
P   1  1.00
    1.9076417800E+00    1.0000000000E+00
P   1  1.00
    9.2337221600E-01    1.0000000000E+00
P   1  1.00
    3.4515720400E-01    1.0000000000E+00
P   1  1.00
    1.3656834800E-01    1.0000000000E+00
P   1  1.00
    5.2987061000E-02    1.0000000000E+00
D   1  1.00
    2.6450000000E+00    1.0000000000E+00
D   1  1.00
    6.0800000000E-01    1.0000000000E+00
D   1  1.00
    2.7200000000E-01    1.0000000000E+00
D   1  1.00
    1.1300000000E-01    1.0000000000E+00
F   1  1.00
    2.1200000000E-01    1.0000000000E+00
F   1  1.00
    5.4100000000E-01    1.0000000000E+00
G   1  1.00
    4.6100000000E-01    1.0000000000E+00
****
-P 0
S   10  1.00
    1.0905617138E+06    1.2941021354E-04
    1.6331639461E+05    4.0962910605E-04
    3.7166607451E+04    1.2649090261E-03
    1.0526880945E+04    3.8198487510E-03
    3.4339976028E+03    1.1642364421E-02
    1.2395360480E+03    3.4476716254E-02
    4.8327456199E+02    9.3052635779E-02
    2.0016911586E+02    2.1713075744E-01
    8.6960394829E+01    3.9426419233E-01
    3.9211283369E+01    3.6763056848E-01
S   1  1.00
    3.3675883662E+02    1.0000000000E+00
S   1  1.00
    1.0372179793E+02    1.0000000000E+00
S   1  1.00
    3.9771861240E+01    1.0000000000E+00
S   1  1.00
    1.7888612952E+01    1.0000000000E+00
S   1  1.00
    6.9644556880E+00    1.0000000000E+00
S   1  1.00
    3.2198092090E+00    1.0000000000E+00
S   1  1.00
    1.4669943980E+00    1.0000000000E+00
S   1  1.00
    4.7765437500E-01    1.0000000000E+00
S   1  1.00
    2.1637789200E-01    1.0000000000E+00
S   1  1.00
    9.0235894000E-02    1.0000000000E+00
P   8  1.00
    2.0196711374E+03    2.9508885328E-04
    4.7860125090E+02    2.1380084844E-03
    1.5514942504E+02    1.1152085934E-02
    5.8816356575E+01    4.5896891950E-02
    2.4544512785E+01    1.2667437504E-01
    1.0883571061E+01    2.6854906753E-01
    4.9624791290E+00    3.8997805859E-01
    2.3002912340E+00    3.3820925716E-01
P   1  1.00
    5.9371345016E+01    1.0000000000E+00
P   1  1.00
    3.0694590990E+00    1.0000000000E+00
P   1  1.00
    1.0634401740E+00    1.0000000000E+00
P   1  1.00
    4.5022152200E-01    1.0000000000E+00
P   1  1.00
    1.8267271300E-01    1.0000000000E+00
P   1  1.00
    7.1610334000E-02    1.0000000000E+00
D   1  1.00
    3.3430000000E+00    1.0000000000E+00
D   1  1.00
    8.0700000000E-01    1.0000000000E+00
D   1  1.00
    3.6500000000E-01    1.0000000000E+00
D   1  1.00
    1.5400000000E-01    1.0000000000E+00
F   1  1.00
    2.8000000000E-01    1.0000000000E+00
F   1  1.00
    7.0300000000E-01    1.0000000000E+00
G   1  1.00
    5.9700000000E-01    1.0000000000E+00
****
-S 0
S   10  1.00
    1.2734109023E+06    1.3250988906E-04
    1.9069783007E+05    4.1473766675E-04
    4.3397885330E+04    1.2615513312E-03
    1.2291809677E+04    3.7380966873E-03
    4.0097420824E+03    1.1200671001E-02
    1.4473531030E+03    3.2843866037E-02
    5.6430102913E+02    8.8416393297E-02
    2.3374506243E+02    2.0679191035E-01
    1.0156402814E+02    3.7877823451E-01
    4.5805907187E+01    3.9920400033E-01
S   1  1.00
    3.9427281503E+02    1.0000000000E+00
S   1  1.00
    1.2172249591E+02    1.0000000000E+00
S   1  1.00
    4.6754125963E+01    1.0000000000E+00
S   1  1.00
    2.0923008254E+01    1.0000000000E+00
S   1  1.00
    8.2685567800E+00    1.0000000000E+00
S   1  1.00
    3.8629345670E+00    1.0000000000E+00
S   1  1.00
    1.7794684780E+00    1.0000000000E+00
S   1  1.00
    6.1064260100E-01    1.0000000000E+00
S   1  1.00
    2.7412269400E-01    1.0000000000E+00
S   1  1.00
    1.1325939100E-01    1.0000000000E+00
P   8  1.00
    2.1898930459E+03    3.2601570788E-04
    5.1894596592E+02    2.3329411958E-03
    1.6819560151E+02    1.2071880313E-02
    6.3745282788E+01    4.6375707367E-02
    2.6597033077E+01    1.3506599251E-01
    1.1774251449E+01    2.7902272802E-01
    5.3534379020E+00    4.0064467341E-01
    2.4701911800E+00    3.0825501014E-01
P   1  1.00
    8.2120288349E+01    1.0000000000E+00
P   1  1.00
    4.9523532870E+00    1.0000000000E+00
P   1  1.00
    1.0828262030E+00    1.0000000000E+00
P   1  1.00
    4.9271277400E-01    1.0000000000E+00
P   1  1.00
    2.0483450900E-01    1.0000000000E+00
P   1  1.00
    8.0743616000E-02    1.0000000000E+00
D   1  1.00
    4.1590000000E+00    1.0000000000E+00
D   1  1.00
    1.0190000000E+00    1.0000000000E+00
D   1  1.00
    4.6400000000E-01    1.0000000000E+00
D   1  1.00
    1.9400000000E-01    1.0000000000E+00
F   1  1.00
    3.3500000000E-01    1.0000000000E+00
F   1  1.00
    8.6900000000E-01    1.0000000000E+00
G   1  1.00
    6.8300000000E-01    1.0000000000E+00
****
-Cl 0
S   10  1.00
    1.4674590095E+06    1.3688274372E-04
    2.1975616433E+05    4.2418952846E-04
    5.0010770301E+04    1.2733461667E-03
    1.4164823918E+04    3.7091976076E-03
    4.6207465525E+03    1.0936422884E-02
    1.6678991635E+03    3.1744160656E-02
    6.5029199265E+02    8.5163458468E-02
    2.6938037376E+02    1.9947350197E-01
    1.1706752106E+02    3.6820453067E-01
    5.2811766843E+01    4.2075431451E-01
S   1  1.00
    4.6142769988E+02    1.0000000000E+00
S   1  1.00
    1.4212665355E+02    1.0000000000E+00
S   1  1.00
    5.4437838768E+01    1.0000000000E+00
S   1  1.00
    2.4160770219E+01    1.0000000000E+00
S   1  1.00
    9.7083540310E+00    1.0000000000E+00
S   1  1.00
    4.5640696730E+00    1.0000000000E+00
S   1  1.00
    2.1194744830E+00    1.0000000000E+00
S   1  1.00
    7.5722365400E-01    1.0000000000E+00
S   1  1.00
    3.3747224600E-01    1.0000000000E+00
S   1  1.00
    1.3860775100E-01    1.0000000000E+00
P   8  1.00
    2.5019457890E+03    3.4368814473E-04
    5.9288059285E+02    2.4101168689E-03
    1.9218089186E+02    1.2426474666E-02
    7.2875710488E+01    4.7804899260E-02
    3.0436358370E+01    1.3933546211E-01
    1.3490178902E+01    2.8784876609E-01
    6.1478071410E+00    3.9275920994E-01
    2.8450944820E+00    3.0271788819E-01
P   1  1.00
    1.0539397936E+02    1.0000000000E+00
P   1  1.00
    6.7369738510E+00    1.0000000000E+00
P   1  1.00
    1.2421095770E+00    1.0000000000E+00
P   1  1.00
    5.5669714300E-01    1.0000000000E+00
P   1  1.00
    2.3387801500E-01    1.0000000000E+00
P   1  1.00
    9.3164491000E-02    1.0000000000E+00
D   1  1.00
    5.1910000000E+00    1.0000000000E+00
D   1  1.00
    1.2760000000E+00    1.0000000000E+00
D   1  1.00
    5.8300000000E-01    1.0000000000E+00
D   1  1.00
    2.4300000000E-01    1.0000000000E+00
F   1  1.00
    4.2300000000E-01    1.0000000000E+00
F   1  1.00
    1.0890000000E+00    1.0000000000E+00
G   1  1.00
    8.2700000000E-01    1.0000000000E+00
****
-Ar 0
S   10  1.00
    1.6734219494E+06    1.4501675257E-04
    2.5060175373E+05    4.4540946080E-04
    5.7030912120E+04    1.3213335176E-03
    1.6153303915E+04    3.7897724860E-03
    5.2694109288E+03    1.1004620984E-02
    1.9020315541E+03    3.1612799194E-02
    7.4157677159E+02    8.4483836616E-02
    3.0720901906E+02    1.9790718853E-01
    1.3352786203E+02    3.6674341959E-01
    6.0253381291E+01    4.2433619442E-01
S   1  1.00
    5.2202426206E+02    1.0000000000E+00
S   1  1.00
    1.6151290469E+02    1.0000000000E+00
S   1  1.00
    6.2126369433E+01    1.0000000000E+00
S   1  1.00
    2.7590930012E+01    1.0000000000E+00
S   1  1.00
    1.1175528881E+01    1.0000000000E+00
S   1  1.00
    5.2959065140E+00    1.0000000000E+00
S   1  1.00
    2.4782798890E+00    1.0000000000E+00
S   1  1.00
    9.1262095100E-01    1.0000000000E+00
S   1  1.00
    4.0426067500E-01    1.0000000000E+00
S   1  1.00
    1.6562886300E-01    1.0000000000E+00
P   8  1.00
    2.8684504581E+03    3.4944184586E-04
    6.7971869590E+02    2.3955957006E-03
    2.2036758824E+02    1.2316911427E-02
    8.3620439734E+01    4.7472073777E-02
    3.4964322657E+01    1.3867168473E-01
    1.5525131784E+01    2.8803250516E-01
    7.0992979810E+00    3.9823223154E-01
    3.3021336600E+00    2.9554537087E-01
P   1  1.00
    1.2878765667E+02    1.0000000000E+00
P   1  1.00
    8.4357867980E+00    1.0000000000E+00
P   1  1.00
    1.4618661850E+00    1.0000000000E+00
P   1  1.00
    6.4658010100E-01    1.0000000000E+00
P   1  1.00
    2.7229295700E-01    1.0000000000E+00
P   1  1.00
    1.0905182500E-01    1.0000000000E+00
D   1  1.00
    6.3150000000E+00    1.0000000000E+00
D   1  1.00
    1.5620000000E+00    1.0000000000E+00
D   1  1.00
    7.1500000000E-01    1.0000000000E+00
D   1  1.00
    2.9700000000E-01    1.0000000000E+00
F   1  1.00
    5.4300000000E-01    1.0000000000E+00
F   1  1.00
    1.3250000000E+00    1.0000000000E+00
G   1  1.00
    1.0070000000E+00    1.0000000000E+00
****
-K 0
S   11  1.00
    2.0220751391E+06    1.2756399444E-04
    3.0304465568E+05    3.8705920489E-04
    6.9013938490E+04    1.1299153681E-03
    1.9559244615E+04    3.1729912904E-03
    6.3838934901E+03    9.0139098960E-03
    2.3053502858E+03    2.5540608823E-02
    8.9914418101E+02    6.7691754781E-02
    3.7259500133E+02    1.5973494394E-01
    1.6197635247E+02    3.0069928287E-01
    7.3085553853E+01    3.6777692623E-01
    3.3595644762E+01    2.1162967123E-01
S   1  1.00
    6.8549855365E+02    1.0000000000E+00
S   1  1.00
    2.1166163373E+02    1.0000000000E+00
S   1  1.00
    8.0851405131E+01    1.0000000000E+00
S   1  1.00
    3.5108667236E+01    1.0000000000E+00
S   1  1.00
    1.4409437283E+01    1.0000000000E+00
S   1  1.00
    6.8697147260E+00    1.0000000000E+00
S   1  1.00
    3.2121883690E+00    1.0000000000E+00
S   1  1.00
    1.2610484370E+00    1.0000000000E+00
S   1  1.00
    6.1438946300E-01    1.0000000000E+00
S   1  1.00
    2.7264371000E-01    1.0000000000E+00
S   1  1.00
    7.7173005000E-02    1.0000000000E+00
S   1  1.00
    4.0918398000E-02    1.0000000000E+00
S   1  1.00
    1.7055762000E-02    1.0000000000E+00
P   9  1.00
    3.4696649718E+03    3.0605290247E-04
    8.2202356107E+02    2.0323780082E-03
    2.6658406636E+02    1.0431408218E-02
    1.0128048161E+02    4.0470569153E-02
    4.2429490761E+01    1.2052985194E-01
    1.8912083912E+01    2.5886803006E-01
    8.7017779030E+00    3.8966584822E-01
    4.0854567600E+00    2.8761783981E-01
    1.8667286060E+00    9.4643179761E-02
P   1  1.00
    2.7544639057E+01    1.0000000000E+00
P   1  1.00
    9.2098893610E+00    1.0000000000E+00
P   1  1.00
    1.7232877420E+00    1.0000000000E+00
P   1  1.00
    7.7969303700E-01    1.0000000000E+00
P   1  1.00
    3.4379047900E-01    1.0000000000E+00
P   1  1.00
    1.4346681900E-01    1.0000000000E+00
P   1  1.00
    6.8000000000E-02    1.0000000000E+00
P   1  1.00
    3.2000000000E-02    1.0000000000E+00
P   1  1.00
    1.5300000000E-02    1.0000000000E+00
D   1  1.00
    1.7000000000E+00    1.0000000000E+00
D   1  1.00
    5.1000000000E-01    1.0000000000E+00
D   1  1.00
    1.8000000000E-01    1.0000000000E+00
D   1  1.00
    5.4000000000E-02    1.0000000000E+00
F   1  1.00
    2.3700000000E+00    1.0000000000E+00
F   1  1.00
    7.9000000000E-01    1.0000000000E+00
F   1  1.00
    9.0000000000E-02    1.0000000000E+00
****
-Ca 0
S   11  1.00
    2.4330754304E+06    1.1224006077E-04
    3.6416043015E+05    3.3749750354E-04
    8.2898747637E+04    9.7133553776E-04
    2.3499730540E+04    2.6748815574E-03
    7.6712245985E+03    7.4490161787E-03
    2.7702330687E+03    2.0783756831E-02
    1.0806807550E+03    5.5035697285E-02
    4.4804894531E+02    1.3075095594E-01
    1.9492007727E+02    2.5195545489E-01
    8.8039793338E+01    3.0360825550E-01
    4.0645696719E+01    3.7585260703E-01
S   1  1.00
    7.7953331918E+02    1.0000000000E+00
S   1  1.00
    2.4118856300E+02    1.0000000000E+00
S   1  1.00
    9.2403869324E+01    1.0000000000E+00
S   1  1.00
    3.9786090342E+01    1.0000000000E+00
S   1  1.00
    1.8195864278E+01    1.0000000000E+00
S   1  1.00
    8.3321457070E+00    1.0000000000E+00
S   1  1.00
    3.9190196210E+00    1.0000000000E+00
S   1  1.00
    1.6667099490E+00    1.0000000000E+00
S   1  1.00
    8.0891084900E-01    1.0000000000E+00
S   1  1.00
    3.6174199900E-01    1.0000000000E+00
S   1  1.00
    8.2379875000E-02    1.0000000000E+00
S   1  1.00
    4.7947864000E-02    1.0000000000E+00
S   1  1.00
    2.2308112000E-02    1.0000000000E+00
P   9  1.00
    4.0642232796E+03    2.9549167880E-04
    9.6291550624E+02    1.9050903196E-03
    3.1234501046E+02    9.7319965854E-03
    1.1876056036E+02    3.7896766023E-02
    4.9816153133E+01    1.1408822708E-01
    2.2259679401E+01    2.4955504354E-01
    1.0286094124E+01    3.9524662044E-01
    4.8606982420E+00    2.9280377510E-01
    2.2525682940E+00    9.7294221621E-02
P   1  1.00
    3.1467555443E+01    1.0000000000E+00
P   1  1.00
    1.0657589056E+01    1.0000000000E+00
P   1  1.00
    2.0505555430E+00    1.0000000000E+00
P   1  1.00
    9.4362089200E-01    1.0000000000E+00
P   1  1.00
    4.2709067500E-01    1.0000000000E+00
P   1  1.00
    1.7788187200E-01    1.0000000000E+00
P   1  1.00
    8.6000000000E-02    1.0000000000E+00
P   1  1.00
    4.1500000000E-02    1.0000000000E+00
P   1  1.00
    2.0000000000E-02    1.0000000000E+00
D   3  1.00
    1.6924012098E+01    5.8649123791E-02
    4.4655403330E+00    3.1009972433E-01
    1.4347576200E+00    7.7013460152E-01
D   1  1.00
    4.6552376800E-01    1.0000000000E+00
D   1  1.00
    1.4097711100E-01    1.0000000000E+00
D   1  1.00
    4.1467009000E-02    1.0000000000E+00
F   1  1.00
    2.6500000000E+00    1.0000000000E+00
F   1  1.00
    7.9400000000E-01    1.0000000000E+00
F   1  1.00
    1.3000000000E-01    1.0000000000E+00
****
-Sc 0
S   11  1.00
    2.8552311264E+06    1.3922078577E-04
    4.2743334221E+05    4.1499528865E-04
    9.7233218545E+04    1.1826964704E-03
    2.7496222846E+04    3.2168506585E-03
    8.9487324409E+03    8.8336122518E-03
    3.2210397292E+03    2.4419009150E-02
    1.2520534077E+03    6.4388466828E-02
    5.1726093376E+02    1.5385347782E-01
    2.2433127242E+02    3.0018282675E-01
    1.0110551671E+02    3.9695163726E-01
    4.6684957855E+01    1.8716613590E-01
S   1  1.00
    9.4775965484E+02    1.0000000000E+00
S   1  1.00
    2.9307262846E+02    1.0000000000E+00
S   1  1.00
    1.1170230657E+02    1.0000000000E+00
S   1  1.00
    4.7756215212E+01    1.0000000000E+00
S   1  1.00
    2.1121984009E+01    1.0000000000E+00
S   1  1.00
    9.7765922200E+00    1.0000000000E+00
S   1  1.00
    4.5982699340E+00    1.0000000000E+00
S   1  1.00
    1.9928487770E+00    1.0000000000E+00
S   1  1.00
    9.5939954500E-01    1.0000000000E+00
S   1  1.00
    4.2566790100E-01    1.0000000000E+00
S   1  1.00
    9.8132196000E-02    1.0000000000E+00
S   1  1.00
    5.6894222000E-02    1.0000000000E+00
S   1  1.00
    2.5369907000E-02    1.0000000000E+00
P   9  1.00
    4.6114680242E+03    3.0164003114E-04
    1.0924666458E+03    1.8954537673E-03
    3.5441923265E+02    9.6232717953E-03
    1.3483390286E+02    3.7492654608E-02
    5.6610873926E+01    1.1338810831E-01
    2.5336605518E+01    2.4982216128E-01
    1.1741313238E+01    3.8967563055E-01
    5.5697268620E+00    2.9650651334E-01
    2.5949954060E+00    9.9754760025E-02
P   1  1.00
    3.5951198081E+01    1.0000000000E+00
P   1  1.00
    1.2301020232E+01    1.0000000000E+00
P   1  1.00
    2.3876557750E+00    1.0000000000E+00
P   1  1.00
    1.1031823600E+00    1.0000000000E+00
P   1  1.00
    5.0008479500E-01    1.0000000000E+00
P   1  1.00
    2.0796508800E-01    1.0000000000E+00
P   1  1.00
    1.0100000000E-01    1.0000000000E+00
P   1  1.00
    4.8000000000E-02    1.0000000000E+00
P   1  1.00
    2.3000000000E-02    1.0000000000E+00
D   5  1.00
    7.3531179748E+01    4.7858628375E-03
    2.1764759639E+01    3.4236450200E-02
    7.9233701690E+00    1.3194396029E-01
    3.1847889780E+00    3.5450757744E-01
    1.3427790020E+00    6.3188245626E-01
D   1  1.00
    5.6149575000E-01    1.0000000000E+00
D   1  1.00
    2.2764073600E-01    1.0000000000E+00
D   1  1.00
    8.5211222000E-02    1.0000000000E+00
D   1  1.00
    3.5000000000E-02    1.0000000000E+00
F   1  1.00
    1.4810000000E+00    1.0000000000E+00
F   1  1.00
    3.4500000000E-01    1.0000000000E+00
F   1  1.00
    1.1000000000E-01    1.0000000000E+00
G   1  1.00
    5.3100000000E-01    1.0000000000E+00
G   1  1.00
    1.3300000000E-01    1.0000000000E+00
****
-Ti 0
S   11  1.00
    3.0705488651E+06    1.2630525239E-04
    4.6077788643E+05    3.7385524818E-04
    1.0490122889E+05    1.0588507468E-03
    2.9695861199E+04    2.8508905476E-03
    9.6788892688E+03    7.7387691558E-03
    3.4901877912E+03    2.1137446286E-02
    1.3592217621E+03    5.5436969887E-02
    5.6242721208E+02    1.3169870641E-01
    2.4422296250E+02    2.5539911526E-01
    1.1016668710E+02    3.0374585306E-01
    5.0881903357E+01    3.7102704148E-01
S   1  1.00
    9.6595430789E+02    1.0000000000E+00
S   1  1.00
    2.9927072059E+02    1.0000000000E+00
S   1  1.00
    1.1483772939E+02    1.0000000000E+00
S   1  1.00
    4.9477578954E+01    1.0000000000E+00
S   1  1.00
    2.2982839977E+01    1.0000000000E+00
S   1  1.00
    1.0518305037E+01    1.0000000000E+00
S   1  1.00
    4.9774390570E+00    1.0000000000E+00
S   1  1.00
    2.1339846840E+00    1.0000000000E+00
S   1  1.00
    1.0342457280E+00    1.0000000000E+00
S   1  1.00
    4.6199775000E-01    1.0000000000E+00
S   1  1.00
    1.0621264200E-01    1.0000000000E+00
S   1  1.00
    5.4340347000E-02    1.0000000000E+00
S   1  1.00
    2.5110217000E-02    1.0000000000E+00
P   9  1.00
    5.1696755427E+03    3.0969811843E-04
    1.2250961638E+03    1.8973848156E-03
    3.9760051934E+02    9.5645743135E-03
    1.5136154684E+02    3.7230920170E-02
    6.3613321773E+01    1.1290537940E-01
    2.8514560307E+01    2.4995449170E-01
    1.3248003298E+01    3.8607476290E-01
    6.3048807760E+00    2.9824904106E-01
    2.9493525820E+00    1.0196407950E-01
P   1  1.00
    4.0738772213E+01    1.0000000000E+00
P   1  1.00
    1.4062358461E+01    1.0000000000E+00
P   1  1.00
    2.7460680960E+00    1.0000000000E+00
P   1  1.00
    1.2713688140E+00    1.0000000000E+00
P   1  1.00
    5.7610015600E-01    1.0000000000E+00
P   1  1.00
    2.3981820700E-01    1.0000000000E+00
P   1  1.00
    1.1000000000E-01    1.0000000000E+00
P   1  1.00
    5.0000000000E-02    1.0000000000E+00
P   1  1.00
    2.3000000000E-02    1.0000000000E+00
D   5  1.00
    8.9589880075E+01    4.4857810859E-03
    2.6591412960E+01    3.2976900980E-02
    9.7739715700E+00    1.2989646119E-01
    3.9625083660E+00    3.5378133413E-01
    1.6890532650E+00    6.3186180975E-01
D   1  1.00
    7.1539771500E-01    1.0000000000E+00
D   1  1.00
    2.9366677700E-01    1.0000000000E+00
D   1  1.00
    1.1079094800E-01    1.0000000000E+00
D   1  1.00
    4.5000000000E-02    1.0000000000E+00
F   1  1.00
    2.0930000000E+00    1.0000000000E+00
F   1  1.00
    5.6200000000E-01    1.0000000000E+00
F   1  1.00
    1.9100000000E-01    1.0000000000E+00
G   1  1.00
    1.0040000000E+00    1.0000000000E+00
G   1  1.00
    2.6800000000E-01    1.0000000000E+00
****
-V 0
S   11  1.00
    3.3603800382E+06    9.3930546611E-05
    5.0264673178E+05    2.7744907357E-04
    1.1424722867E+05    7.8091907139E-04
    3.2321972630E+04    2.0840554758E-03
    1.0532947271E+04    5.5983324938E-03
    3.7983004439E+03    1.5142131591E-02
    1.4796094715E+03    3.9383791949E-02
    6.1257405507E+02    9.3111886466E-02
    2.6622103326E+02    1.7989549698E-01
    1.2021980126E+02    2.2628448410E-01
    5.5591180848E+01    5.7019992447E-01
S   1  1.00
    1.0824768635E+03    1.0000000000E+00
S   1  1.00
    3.3494462061E+02    1.0000000000E+00
S   1  1.00
    1.2831559026E+02    1.0000000000E+00
S   1  1.00
    5.5311589616E+01    1.0000000000E+00
S   1  1.00
    2.5108383036E+01    1.0000000000E+00
S   1  1.00
    1.1667553242E+01    1.0000000000E+00
S   1  1.00
    5.5372073270E+00    1.0000000000E+00
S   1  1.00
    2.3781007620E+00    1.0000000000E+00
S   1  1.00
    1.1506947330E+00    1.0000000000E+00
S   1  1.00
    5.1283991000E-01    1.0000000000E+00
S   1  1.00
    1.1625711400E-01    1.0000000000E+00
S   1  1.00
    5.8272786000E-02    1.0000000000E+00
S   1  1.00
    2.6662312000E-02    1.0000000000E+00
P   9  1.00
    5.7828035005E+03    3.1628185472E-04
    1.3699392282E+03    1.8907868034E-03
    4.4453147129E+02    9.4665062656E-03
    1.6925617556E+02    3.6831783884E-02
    7.1168730031E+01    1.1206306036E-01
    3.1933358374E+01    2.4941008854E-01
    1.4865336779E+01    3.8406798134E-01
    7.0921740090E+00    2.9956713119E-01
    3.3281157850E+00    1.0401289410E-01
P   1  1.00
    4.5842906017E+01    1.0000000000E+00
P   1  1.00
    1.5940339016E+01    1.0000000000E+00
P   1  1.00
    3.1257155020E+00    1.0000000000E+00
P   1  1.00
    1.4485867560E+00    1.0000000000E+00
P   1  1.00
    6.5577902800E-01    1.0000000000E+00
P   1  1.00
    2.7311626600E-01    1.0000000000E+00
P   1  1.00
    1.2200000000E-01    1.0000000000E+00
P   1  1.00
    5.5000000000E-02    1.0000000000E+00
P   1  1.00
    2.5000000000E-02    1.0000000000E+00
D   5  1.00
    1.0395047414E+02    4.3746605080E-03
    3.0901688665E+01    3.2615789927E-02
    1.1420321145E+01    1.3003008150E-01
    4.6573272290E+00    3.5436932772E-01
    1.9963682620E+00    6.2997934766E-01
D   1  1.00
    8.4967249500E-01    1.0000000000E+00
D   1  1.00
    3.4953221900E-01    1.0000000000E+00
D   1  1.00
    1.3165588200E-01    1.0000000000E+00
D   1  1.00
    5.2000000000E-02    1.0000000000E+00
F   1  1.00
    2.9330000000E+00    1.0000000000E+00
F   1  1.00
    8.3100000000E-01    1.0000000000E+00
F   1  1.00
    2.5700000000E-01    1.0000000000E+00
G   1  1.00
    1.8560000000E+00    1.0000000000E+00
G   1  1.00
    4.5500000000E-01    1.0000000000E+00
****
-Cr 0
S   11  1.00
    3.6378386820E+06    9.8117660463E-05
    5.4486446100E+05    2.8792984143E-04
    1.2399755079E+05    8.0472113890E-04
    3.5116733166E+04    2.1270596546E-03
    1.1455702298E+04    5.6498175338E-03
    4.1359906712E+03    1.5109835846E-02
    1.6132513581E+03    3.8970914853E-02
    6.6877932380E+02    9.1718941624E-02
    2.9101365155E+02    1.7697554831E-01
    1.3157328167E+02    2.2598667168E-01
    6.0924567928E+01   -1.3102269574E+00
S   1  1.00
    1.1962899601E+03    1.0000000000E+00
S   1  1.00
    3.6976947592E+02    1.0000000000E+00
S   1  1.00
    1.4154426084E+02    1.0000000000E+00
S   1  1.00
    6.0999228765E+01    1.0000000000E+00
S   1  1.00
    2.7599113358E+01    1.0000000000E+00
S   1  1.00
    1.2882112056E+01    1.0000000000E+00
S   1  1.00
    6.1247513720E+00    1.0000000000E+00
S   1  1.00
    2.6332895310E+00    1.0000000000E+00
S   1  1.00
    1.2708482290E+00    1.0000000000E+00
S   1  1.00
    5.6483575900E-01    1.0000000000E+00
S   1  1.00
    1.2596808900E-01    1.0000000000E+00
S   1  1.00
    6.2045607000E-02    1.0000000000E+00
S   1  1.00
    2.8144313000E-02    1.0000000000E+00
P   9  1.00
    6.3958781792E+03    3.2578815654E-04
    1.5151701574E+03    1.9020871814E-03
    4.9170538681E+02    9.4503567063E-03
    1.8728416675E+02    3.6702734357E-02
    7.8800346444E+01    1.1182277550E-01
    3.5396291693E+01    2.4951234542E-01
    1.6509278879E+01    3.8210490529E-01
    7.8947396860E+00    2.9949276572E-01
    3.7136414470E+00    1.0630379383E-01
P   1  1.00
    5.1259312534E+01    1.0000000000E+00
P   1  1.00
    1.7934932523E+01    1.0000000000E+00
P   1  1.00
    3.5257174220E+00    1.0000000000E+00
P   1  1.00
    1.6339163910E+00    1.0000000000E+00
P   1  1.00
    7.3852413800E-01    1.0000000000E+00
P   1  1.00
    3.0752368200E-01    1.0000000000E+00
P   1  1.00
    1.3500000000E-01    1.0000000000E+00
P   1  1.00
    5.9000000000E-02    1.0000000000E+00
P   1  1.00
    2.6000000000E-02    1.0000000000E+00
D   5  1.00
    1.1824986288E+02    4.3216730689E-03
    3.5193935700E+01    3.2520180434E-02
    1.3057816022E+01    1.3086693725E-01
    5.3485602840E+00    3.5583081337E-01
    2.3004233710E+00    6.2716902905E-01
D   1  1.00
    9.8114328300E-01    1.0000000000E+00
D   1  1.00
    4.0334183200E-01    1.0000000000E+00
D   1  1.00
    1.5135589600E-01    1.0000000000E+00
D   1  1.00
    6.0000000000E-02    1.0000000000E+00
F   1  1.00
    3.7330000000E+00    1.0000000000E+00
F   1  1.00
    1.1470000000E+00    1.0000000000E+00
F   1  1.00
    3.6600000000E-01    1.0000000000E+00
G   1  1.00
    2.6570000000E+00    1.0000000000E+00
G   1  1.00
    7.1900000000E-01    1.0000000000E+00
****
-Mn 0
S   11  1.00
    4.2893576441E+06    1.3704505478E-04
    6.3636100285E+05    4.0352778324E-04
    1.4363727569E+05    1.1237250171E-03
    4.0406345432E+04    2.9491816834E-03
    1.3104363417E+04    7.7629415926E-03
    4.7050664255E+03    2.0610862953E-02
    1.8257125432E+03    5.3125256884E-02
    7.5333816229E+02    1.2554929403E-01
    3.2647253285E+02    2.4429173139E-01
    1.4710300670E+02    3.0034406226E-01
    6.7987226869E+01    3.9350078716E-01
S   1  1.00
    1.3007266717E+03    1.0000000000E+00
S   1  1.00
    4.0272027544E+02    1.0000000000E+00
S   1  1.00
    1.5438971348E+02    1.0000000000E+00
S   1  1.00
    6.6443384613E+01    1.0000000000E+00
S   1  1.00
    3.0975316006E+01    1.0000000000E+00
S   1  1.00
    1.4222980890E+01    1.0000000000E+00
S   1  1.00
    6.7598265070E+00    1.0000000000E+00
S   1  1.00
    2.9087083290E+00    1.0000000000E+00
S   1  1.00
    1.3966507790E+00    1.0000000000E+00
S   1  1.00
    6.1792624100E-01    1.0000000000E+00
S   1  1.00
    1.3439483700E-01    1.0000000000E+00
S   1  1.00
    6.5195054000E-02    1.0000000000E+00
S   1  1.00
    2.9415714000E-02    1.0000000000E+00
P   9  1.00
    6.4832629658E+03    2.8245699445E-04
    1.5567134859E+03    1.5988975749E-03
    5.0973925460E+02    7.8024792104E-03
    1.9528408089E+02    2.9879187854E-02
    8.2542547525E+01    8.9587108946E-02
    3.7212076731E+01    1.9558224495E-01
    1.7425804462E+01    2.8584218015E-01
    8.3691376960E+00    2.1767890647E-01
    3.9409000440E+00    4.1229684452E-01
P   1  1.00
    5.7202741010E+01    1.0000000000E+00
P   1  1.00
    2.0090935947E+01    1.0000000000E+00
P   1  1.00
    3.9357553760E+00    1.0000000000E+00
P   1  1.00
    1.8181984010E+00    1.0000000000E+00
P   1  1.00
    8.1881535300E-01    1.0000000000E+00
P   1  1.00
    3.4038359200E-01    1.0000000000E+00
P   1  1.00
    1.5000000000E-01    1.0000000000E+00
P   1  1.00
    6.3000000000E-02    1.0000000000E+00
P   1  1.00
    2.7000000000E-02    1.0000000000E+00
D   6  1.00
    2.0040254535E+02    1.5652592410E-03
    5.9898225773E+01    1.2864526077E-02
    2.2810570167E+01    5.7560875674E-02
    9.5874142100E+00    1.7561127840E-01
    4.2933710910E+00    3.7561088942E-01
    1.9537618370E+00    5.4683302944E-01
D   1  1.00
    8.7378873600E-01    1.0000000000E+00
D   1  1.00
    3.7597748900E-01    1.0000000000E+00
D   1  1.00
    1.4811547600E-01    1.0000000000E+00
D   1  1.00
    6.0000000000E-02    1.0000000000E+00
F   1  1.00
    4.3530000000E+00    1.0000000000E+00
F   1  1.00
    1.3260000000E+00    1.0000000000E+00
F   1  1.00
    4.0800000000E-01    1.0000000000E+00
F   1  1.00
    1.2550000000E-01    1.0000000000E+00
G   1  1.00
    3.3160000000E+00    1.0000000000E+00
G   1  1.00
    9.2900000000E-01    1.0000000000E+00
****
-Fe 0
S   11  1.00
    4.3131544338E+06    2.3063890314E-04
    6.4587508253E+05    6.7022620050E-04
    1.4698187698E+05    1.8503072677E-03
    4.1630615044E+04    4.8076991850E-03
    1.3580620109E+04    1.2519317402E-02
    4.9020620613E+03    3.2845569423E-02
    1.9112900837E+03    8.3586433860E-02
    7.9199837852E+02    1.9540654468E-01
    3.4454799181E+02    3.7585065874E-01
    1.5578722730E+02    4.8154494579E-01
    7.2179380315E+01   -8.3538158697E-02
S   1  1.00
    1.4179125091E+03    1.0000000000E+00
S   1  1.00
    4.3923184195E+02    1.0000000000E+00
S   1  1.00
    1.6851006820E+02    1.0000000000E+00
S   1  1.00
    7.2776269412E+01    1.0000000000E+00
S   1  1.00
    3.2752961774E+01    1.0000000000E+00
S   1  1.00
    1.5434336101E+01    1.0000000000E+00
S   1  1.00
    7.3639318210E+00    1.0000000000E+00
S   1  1.00
    3.1698832880E+00    1.0000000000E+00
S   1  1.00
    1.5243708390E+00    1.0000000000E+00
S   1  1.00
    6.7496281200E-01    1.0000000000E+00
S   1  1.00
    1.4718566000E-01    1.0000000000E+00
S   1  1.00
    7.0082217000E-02    1.0000000000E+00
S   1  1.00
    3.1208269000E-02    1.0000000000E+00
P   9  1.00
    7.7090587627E+03    3.4553611607E-04
    1.8264666323E+03    1.9266976307E-03
    5.9284368362E+02    9.4186070364E-03
    2.2593763245E+02    3.6405169289E-02
    9.5164758890E+01    1.1110488799E-01
    4.2823132375E+01    2.4889213355E-01
    2.0036286581E+01    3.7886758921E-01
    9.6159346280E+00    2.9783590228E-01
    4.5393538790E+00    1.1362961292E-01
P   1  1.00
    6.2997519003E+01    1.0000000000E+00
P   1  1.00
    2.2262748731E+01    1.0000000000E+00
P   1  1.00
    4.3900064940E+00    1.0000000000E+00
P   1  1.00
    2.0328913930E+00    1.0000000000E+00
P   1  1.00
    9.1592621600E-01    1.0000000000E+00
P   1  1.00
    3.8036653500E-01    1.0000000000E+00
P   1  1.00
    1.6000000000E-01    1.0000000000E+00
P   1  1.00
    6.7000000000E-02    1.0000000000E+00
P   1  1.00
    2.8000000000E-02    1.0000000000E+00
D   6  1.00
    2.1833430163E+02    1.6138465459E-03
    6.5256292616E+01    1.3257431793E-02
    2.4866944817E+01    5.9399406237E-02
    1.0473399301E+01    1.8049529455E-01
    4.6947005010E+00    3.7891809220E-01
    2.1315982530E+00    5.3890473901E-01
D   1  1.00
    9.4748004600E-01    1.0000000000E+00
D   1  1.00
    4.0346488800E-01    1.0000000000E+00
D   1  1.00
    1.5687414700E-01    1.0000000000E+00
D   1  1.00
    6.2000000000E-02    1.0000000000E+00
F   1  1.00
    5.1030000000E+00    1.0000000000E+00
F   1  1.00
    1.5980000000E+00    1.0000000000E+00
F   1  1.00
    5.0500000000E-01    1.0000000000E+00
F   1  1.00
    1.5960000000E-01    1.0000000000E+00
G   1  1.00
    3.9750000000E+00    1.0000000000E+00
G   1  1.00
    1.1390000000E+00    1.0000000000E+00
****
-Co 0
S   11  1.00
    4.6582065032E+06    2.2794553419E-04
    6.9756087453E+05    6.5931310155E-04
    1.5875987124E+05    1.8101226181E-03
    4.4969099379E+04    4.6672338062E-03
    1.4670714247E+04    1.2042759068E-02
    5.2958947250E+03    3.1299631270E-02
    2.0650581167E+03    7.9086309938E-02
    8.5590627750E+02    1.8408919985E-01
    3.7248747255E+02    3.5324801835E-01
    1.6850576608E+02    4.5277481573E-01
    7.8128761566E+01    3.1381465755E-03
S   1  1.00
    1.5345149885E+03    1.0000000000E+00
S   1  1.00
    4.7552976096E+02    1.0000000000E+00
S   1  1.00
    1.8254836839E+02    1.0000000000E+00
S   1  1.00
    7.8916467177E+01    1.0000000000E+00
S   1  1.00
    3.5500865522E+01    1.0000000000E+00
S   1  1.00
    1.6790414486E+01    1.0000000000E+00
S   1  1.00
    8.0240232510E+00    1.0000000000E+00
S   1  1.00
    3.4571682960E+00    1.0000000000E+00
S   1  1.00
    1.6599835390E+00    1.0000000000E+00
S   1  1.00
    7.3380022500E-01    1.0000000000E+00
S   1  1.00
    1.5878613100E-01    1.0000000000E+00
S   1  1.00
    7.4535660000E-02    1.0000000000E+00
S   1  1.00
    3.2867352000E-02    1.0000000000E+00
P   9  1.00
    8.4254331352E+03    3.5454066884E-04
    1.9958758452E+03    1.9334874674E-03
    6.4776765681E+02    9.3742831824E-03
    2.4688261214E+02    3.6145145292E-02
    1.0400952246E+02    1.1041964359E-01
    4.6827478138E+01    2.4787945576E-01
    2.1934444535E+01    3.7687953471E-01
    1.0540499528E+01    2.9631087471E-01
    4.9820419390E+00    1.2029771591E-01
P   1  1.00
    6.9270787130E+01    1.0000000000E+00
P   1  1.00
    2.4583977935E+01    1.0000000000E+00
P   1  1.00
    4.8562258880E+00    1.0000000000E+00
P   1  1.00
    2.2480916100E+00    1.0000000000E+00
P   1  1.00
    1.0114285980E+00    1.0000000000E+00
P   1  1.00
    4.1919905500E-01    1.0000000000E+00
P   1  1.00
    1.7500000000E-01    1.0000000000E+00
P   1  1.00
    7.3000000000E-02    1.0000000000E+00
P   1  1.00
    3.0000000000E-02    1.0000000000E+00
D   6  1.00
    2.3758450966E+02    1.6556749959E-03
    7.1086896302E+01    1.3572430224E-02
    2.7119080683E+01    6.0906702016E-02
    1.1448239054E+01    1.8439380912E-01
    5.1391806670E+00    3.8128302645E-01
    2.3323492100E+00    5.3247328763E-01
D   1  1.00
    1.0338662060E+00    1.0000000000E+00
D   1  1.00
    4.3785146300E-01    1.0000000000E+00
D   1  1.00
    1.6895005000E-01    1.0000000000E+00
D   1  1.00
    6.6000000000E-02    1.0000000000E+00
F   1  1.00
    5.9750000000E+00    1.0000000000E+00
F   1  1.00
    1.9030000000E+00    1.0000000000E+00
F   1  1.00
    5.9400000000E-01    1.0000000000E+00
F   1  1.00
    1.8540000000E-01    1.0000000000E+00
G   1  1.00
    4.6350000000E+00    1.0000000000E+00
G   1  1.00
    1.3490000000E+00    1.0000000000E+00
****
-Ni 0
S   11  1.00
    5.0376499532E+06    2.1354172277E-04
    7.5424639418E+05    6.1495087413E-04
    1.7164416010E+05    1.6792900843E-03
    4.8617230286E+04    4.2973568869E-03
    1.5860961795E+04    1.0988291040E-02
    5.7260018653E+03    2.8289474633E-02
    2.2329547317E+03    7.0948300836E-02
    9.2549649101E+02    1.6456316925E-01
    4.0275336913E+02    3.1556723545E-01
    1.8219422856E+02    4.0822271751E-01
    8.4494109788E+01    1.3591817037E-01
S   1  1.00
    1.6780564586E+03    1.0000000000E+00
S   1  1.00
    5.1921358326E+02    1.0000000000E+00
S   1  1.00
    1.9895881607E+02    1.0000000000E+00
S   1  1.00
    8.5901180703E+01    1.0000000000E+00
S   1  1.00
    3.8435760123E+01    1.0000000000E+00
S   1  1.00
    1.8252349351E+01    1.0000000000E+00
S   1  1.00
    8.7283616940E+00    1.0000000000E+00
S   1  1.00
    3.7616245660E+00    1.0000000000E+00
S   1  1.00
    1.8028217340E+00    1.0000000000E+00
S   1  1.00
    7.9507140500E-01    1.0000000000E+00
S   1  1.00
    1.7031720300E-01    1.0000000000E+00
S   1  1.00
    7.8971236000E-02    1.0000000000E+00
S   1  1.00
    3.4503487000E-02    1.0000000000E+00
P   9  1.00
    9.1565701453E+03    3.6390925127E-04
    2.1690239526E+03    1.9422743491E-03
    7.0398918991E+02    9.3360628088E-03
    2.6836293215E+02    3.5881920543E-02
    1.1310288796E+02    1.0962584350E-01
    5.0955539222E+01    2.4636140566E-01
    2.3896708209E+01    3.7389647885E-01
    1.1498241522E+01    2.9370638770E-01
    5.4410908060E+00    1.3056867303E-01
P   1  1.00
    7.5938560736E+01    1.0000000000E+00
P   1  1.00
    2.7037350184E+01    1.0000000000E+00
P   1  1.00
    5.3404687430E+00    1.0000000000E+00
P   1  1.00
    2.4700181360E+00    1.0000000000E+00
P   1  1.00
    1.1095029060E+00    1.0000000000E+00
P   1  1.00
    4.5899767100E-01    1.0000000000E+00
P   1  1.00
    1.8700000000E-01    1.0000000000E+00
P   1  1.00
    7.6200000000E-02    1.0000000000E+00
P   1  1.00
    3.1000000000E-02    1.0000000000E+00
D   6  1.00
    2.5811131142E+02    1.6892315176E-03
    7.7254891371E+01    1.3829981544E-02
    2.9500240033E+01    6.2164489797E-02
    1.2477446945E+01    1.8762353031E-01
    5.6070455110E+00    3.8313405496E-01
    2.5427744160E+00    5.2728881310E-01
D   1  1.00
    1.1238296770E+00    1.0000000000E+00
D   1  1.00
    4.7361171500E-01    1.0000000000E+00
D   1  1.00
    1.8161858300E-01    1.0000000000E+00
D   1  1.00
    7.1000000000E-02    1.0000000000E+00
F   1  1.00
    6.7580000000E+00    1.0000000000E+00
F   1  1.00
    2.1740000000E+00    1.0000000000E+00
F   1  1.00
    6.8100000000E-01    1.0000000000E+00
F   1  1.00
    2.1300000000E-01    1.0000000000E+00
G   1  1.00
    5.2940000000E+00    1.0000000000E+00
G   1  1.00
    1.5580000000E+00    1.0000000000E+00
****
-Cu 0
S   11  1.00
    5.0564678898E+06    2.1153042270E-04
    7.5945783835E+05    6.0517277905E-04
    1.7352488497E+05    1.6431458879E-03
    4.9327259988E+04    4.1790174840E-03
    1.6144149930E+04    1.0613096883E-02
    5.8445964680E+03    2.7115349694E-02
    2.2846812739E+03    6.7362730695E-02
    9.4888232514E+02    1.5460753916E-01
    4.1366215455E+02    2.9164657489E-01
    1.8738942059E+02    3.7042045136E-01
    8.6872771648E+01    2.2182291706E-01
S   1  1.00
    1.7440598287E+03    1.0000000000E+00
S   1  1.00
    5.4093295513E+02    1.0000000000E+00
S   1  1.00
    2.0799736224E+02    1.0000000000E+00
S   1  1.00
    9.0475793036E+01    1.0000000000E+00
S   1  1.00
    3.8869687699E+01    1.0000000000E+00
S   1  1.00
    1.8974829147E+01    1.0000000000E+00
S   1  1.00
    9.0953644630E+00    1.0000000000E+00
S   1  1.00
    3.8330020170E+00    1.0000000000E+00
S   1  1.00
    1.8198891500E+00    1.0000000000E+00
S   1  1.00
    7.9068098400E-01    1.0000000000E+00
S   1  1.00
    1.4914142100E-01    1.0000000000E+00
S   1  1.00
    7.2448091000E-02    1.0000000000E+00
S   1  1.00
    3.0959925000E-02    1.0000000000E+00
P   9  1.00
    9.7204614555E+03    4.1870578611E-04
    2.3027557452E+03    2.1977577058E-03
    7.4748498314E+02    1.0478283146E-02
    2.8500132623E+02    4.0080170143E-02
    1.2015121609E+02    1.2193275425E-01
    5.4145261156E+01    2.7207273736E-01
    2.5406033563E+01    4.0591776016E-01
    1.2224331465E+01    3.1232369402E-01
    5.7638720670E+00    1.1051666125E-03
P   1  1.00
    8.3210837217E+01    1.0000000000E+00
P   1  1.00
    2.9694779129E+01    1.0000000000E+00
P   1  1.00
    5.8248516210E+00    1.0000000000E+00
P   1  1.00
    2.6746181180E+00    1.0000000000E+00
P   1  1.00
    1.1841836780E+00    1.0000000000E+00
P   1  1.00
    4.8043583500E-01    1.0000000000E+00
P   1  1.00
    1.8700000000E-01    1.0000000000E+00
P   1  1.00
    7.6200000000E-02    1.0000000000E+00
P   1  1.00
    3.1000000000E-02    1.0000000000E+00
D   6  1.00
    2.4954025080E+02    2.0067541661E-03
    7.4683914534E+01    1.6121971630E-02
    2.8392717116E+01    7.0631316053E-02
    1.1955968430E+01    2.0541497706E-01
    5.3210744620E+00    3.9215506363E-01
    2.3661189460E+00    5.0323208967E-01
D   1  1.00
    1.0131863990E+00    1.0000000000E+00
D   1  1.00
    4.0710035900E-01    1.0000000000E+00
D   1  1.00
    1.4742541000E-01    1.0000000000E+00
D   1  1.00
    7.1000000000E-02    1.0000000000E+00
F   1  1.00
    6.9620000000E+00    1.0000000000E+00
F   1  1.00
    2.2330000000E+00    1.0000000000E+00
F   1  1.00
    7.0400000000E-01    1.0000000000E+00
F   1  1.00
    2.4000000000E-01    1.0000000000E+00
G   1  1.00
    5.9530000000E+00    1.0000000000E+00
G   1  1.00
    1.7680000000E+00    1.0000000000E+00
****
-Zn 0
S   11  1.00
    5.7423071507E+06    2.2656719704E-04
    8.6145078790E+05    6.4566544963E-04
    1.9634605866E+05    1.7448391317E-03
    5.5682870737E+04    4.4016860144E-03
    1.8183902394E+04    1.1068284919E-02
    6.5696448019E+03    2.7988666717E-02
    2.5635613276E+03    6.9180988843E-02
    1.0631147176E+03    1.5893607231E-01
    4.6289771078E+02    3.0294653763E-01
    2.0952821049E+02    3.9116151061E-01
    9.7240787991E+01    1.7834417896E-01
S   1  1.00
    1.9292689992E+03    1.0000000000E+00
S   1  1.00
    5.9807122307E+02    1.0000000000E+00
S   1  1.00
    2.2969667336E+02    1.0000000000E+00
S   1  1.00
    9.9416819228E+01    1.0000000000E+00
S   1  1.00
    4.4241101421E+01    1.0000000000E+00
S   1  1.00
    2.1194367113E+01    1.0000000000E+00
S   1  1.00
    1.0158731597E+01    1.0000000000E+00
S   1  1.00
    4.3746176160E+00    1.0000000000E+00
S   1  1.00
    2.0901489070E+00    1.0000000000E+00
S   1  1.00
    9.1869136400E-01    1.0000000000E+00
S   1  1.00
    1.9278660600E-01    1.0000000000E+00
S   1  1.00
    8.7329915000E-02    1.0000000000E+00
S   1  1.00
    3.7552217000E-02    1.0000000000E+00
P   9  1.00
    1.0690445107E+04    3.5077081708E-04
    2.5323159340E+03    1.7966997539E-03
    8.2194295003E+02    8.4857934619E-03
    3.1342757800E+02    3.2375626416E-02
    1.3218314247E+02    9.8820626232E-02
    5.9620554387E+01    2.2222320877E-01
    2.8019488868E+01    3.3575180311E-01
    1.3511704850E+01    2.6269892562E-01
    6.4053711250E+00    2.6211359004E-01
P   1  1.00
    8.9981131918E+01    1.0000000000E+00
P   1  1.00
    3.2241767106E+01    1.0000000000E+00
P   1  1.00
    6.3809448580E+00    1.0000000000E+00
P   1  1.00
    2.9477928350E+00    1.0000000000E+00
P   1  1.00
    1.3200854960E+00    1.0000000000E+00
P   1  1.00
    5.4424674400E-01    1.0000000000E+00
P   1  1.00
    2.5799971800E-01    1.0000000000E+00
P   1  1.00
    9.2863192000E-02    1.0000000000E+00
P   1  1.00
    3.4059341000E-02    1.0000000000E+00
D   6  1.00
    3.0522298937E+02    1.7194698065E-03
    9.1468273202E+01    1.4053334048E-02
    3.4986985968E+01    6.3576641707E-02
    1.4849415187E+01    1.9148617065E-01
    6.6858545710E+00    3.8544235179E-01
    3.0309412620E+00    5.2079292729E-01
D   1  1.00
    1.3355050670E+00    1.0000000000E+00
D   1  1.00
    5.5883176400E-01    1.0000000000E+00
D   1  1.00
    2.1180799300E-01    1.0000000000E+00
D   1  1.00
    8.3000000000E-02    1.0000000000E+00
F   1  1.00
    8.0200000000E+00    1.0000000000E+00
F   1  1.00
    2.6140000000E+00    1.0000000000E+00
F   1  1.00
    8.3600000000E-01    1.0000000000E+00
F   1  1.00
    2.6730000000E-01    1.0000000000E+00
G   1  1.00
    6.6130000000E+00    1.0000000000E+00
G   1  1.00
    1.9780000000E+00    1.0000000000E+00
****
-Ga 0
S   11  1.00
    6.6238020274E+06    1.7581571156E-04
    9.8790407075E+05    5.0123982531E-04
    2.2413205899E+05    1.3487631897E-03
    6.3315192943E+04    3.3788749915E-03
    2.0611312702E+04    8.4130483381E-03
    7.4291672482E+03    2.1041345166E-02
    2.8942071720E+03    5.1729355561E-02
    1.1989915786E+03    1.1887132043E-01
    5.2182003812E+02    2.2895893330E-01
    2.3627549237E+02    2.9092865799E-01
    1.0998395671E+02    4.2414706231E-01
S   1  1.00
    2.1012587253E+03    1.0000000000E+00
S   1  1.00
    6.5097022519E+02    1.0000000000E+00
S   1  1.00
    2.5022438356E+02    1.0000000000E+00
S   1  1.00
    1.0817616625E+02    1.0000000000E+00
S   1  1.00
    5.1057486710E+01    1.0000000000E+00
S   1  1.00
    2.3647474527E+01    1.0000000000E+00
S   1  1.00
    1.1361701144E+01    1.0000000000E+00
S   1  1.00
    5.0178135900E+00    1.0000000000E+00
S   1  1.00
    2.4102675000E+00    1.0000000000E+00
S   1  1.00
    1.0741046680E+00    1.0000000000E+00
S   1  1.00
    2.5745075800E-01    1.0000000000E+00
S   1  1.00
    1.2175227600E-01    1.0000000000E+00
S   1  1.00
    5.2360599000E-02    1.0000000000E+00
P   9  1.00
    1.4711750483E+04    3.1294338265E-04
    3.4821451716E+03    1.4854762123E-03
    1.1302186655E+03    6.8405861204E-03
    4.3154093448E+02    2.6193629299E-02
    1.8241723648E+02    8.3040486472E-02
    8.2706753603E+01    2.0573559453E-01
    3.9228128772E+01    3.3979425613E-01
    1.9201979939E+01    3.5723483598E-01
    9.5056966690E+00    1.6377767969E-01
P   1  1.00
    9.2615613022E+01    1.0000000000E+00
P   1  1.00
    3.3750148165E+01    1.0000000000E+00
P   1  1.00
    7.3482283010E+00    1.0000000000E+00
P   1  1.00
    3.7813384840E+00    1.0000000000E+00
P   1  1.00
    2.3145183130E+00    1.0000000000E+00
P   1  1.00
    8.0346859700E-01    1.0000000000E+00
P   1  1.00
    1.5423710090E+00    1.0000000000E+00
P   1  1.00
    3.2910239600E-01    1.0000000000E+00
P   1  1.00
    1.1834088800E-01    1.0000000000E+00
P   1  1.00
    4.1627878000E-02    1.0000000000E+00
D   7  1.00
    3.6349565218E+02    1.1098255176E-03
    1.0901749589E+02    9.1677571996E-03
    4.1866430715E+01    4.2576098316E-02
    1.7879279894E+01    1.3175570934E-01
    8.1201893670E+00    2.7607107920E-01
    3.7360611360E+00    3.8774112325E-01
    1.6826812550E+00    3.8655674707E-01
D   1  1.00
    7.2655790500E-01    1.0000000000E+00
D   1  1.00
    2.8498585100E-01    1.0000000000E+00
D   1  1.00
    1.1200000000E-01    1.0000000000E+00
F   1  1.00
    7.7947037670E+00    1.0000000000E+00
F   1  1.00
    2.2956705920E+00    1.0000000000E+00
F   1  1.00
    1.8100000000E-01    1.0000000000E+00
F   1  1.00
    4.7100000000E-01    1.0000000000E+00
G   1  1.00
    4.0320000000E-01    1.0000000000E+00
****
-Ge 0
S   11  1.00
    7.2330560346E+06    2.0120011772E-04
    1.0828861731E+06    5.6855782618E-04
    2.4648146959E+05    1.5177601642E-03
    6.9862426955E+04    3.7593828948E-03
    2.2815809662E+04    9.2423494805E-03
    8.2465369297E+03    2.2803205197E-02
    3.2199367257E+03    5.5534864837E-02
    1.3365743706E+03    1.2716085444E-01
    5.8287737501E+02    2.4648415423E-01
    2.6459511360E+02    3.0592726109E-01
    1.2377823320E+02    3.7872149872E-01
S   1  1.00
    2.3111055804E+03    1.0000000000E+00
S   1  1.00
    7.1627089868E+02    1.0000000000E+00
S   1  1.00
    2.7545330910E+02    1.0000000000E+00
S   1  1.00
    1.1893292565E+02    1.0000000000E+00
S   1  1.00
    5.8435699085E+01    1.0000000000E+00
S   1  1.00
    2.6261575973E+01    1.0000000000E+00
S   1  1.00
    1.2664880671E+01    1.0000000000E+00
S   1  1.00
    5.7269548510E+00    1.0000000000E+00
S   1  1.00
    2.7555023200E+00    1.0000000000E+00
S   1  1.00
    1.2432886750E+00    1.0000000000E+00
S   1  1.00
    3.3107183800E-01    1.0000000000E+00
S   1  1.00
    1.5964081400E-01    1.0000000000E+00
S   1  1.00
    6.8463179000E-02    1.0000000000E+00
P   9  1.00
    1.6555711074E+04    3.0685556123E-04
    3.9149903745E+03    1.4148052733E-03
    1.2694766518E+03    6.4358221229E-03
    4.8435437789E+02    2.4564295714E-02
    2.0464985822E+02    7.8351369610E-02
    9.2791032094E+01    1.9908132893E-01
    4.4055060255E+01    3.3153584171E-01
    2.1601319931E+01    3.6077279501E-01
    1.0732169233E+01    1.8094487782E-01
P   1  1.00
    1.0088933962E+02    1.0000000000E+00
P   1  1.00
    3.6640254741E+01    1.0000000000E+00
P   1  1.00
    8.0343224110E+00    1.0000000000E+00
P   1  1.00
    4.5613438330E+00    1.0000000000E+00
P   1  1.00
    3.1794882220E+00    1.0000000000E+00
P   1  1.00
    9.2612041500E-01    1.0000000000E+00
P   1  1.00
    1.7977040910E+00    1.0000000000E+00
P   1  1.00
    4.1386865400E-01    1.0000000000E+00
P   1  1.00
    1.5830798700E-01    1.0000000000E+00
P   1  1.00
    5.7877036000E-02    1.0000000000E+00
D   7  1.00
    4.2099565921E+02    1.0066326845E-03
    1.2636209818E+02    8.3572849551E-03
    4.8661473548E+01    3.9557429217E-02
    2.0880325527E+01    1.2486549234E-01
    9.5418229360E+00    2.6921243843E-01
    4.4353653870E+00    3.8890917697E-01
    2.0285421940E+00    3.9360691552E-01
D   1  1.00
    8.9484935300E-01    1.0000000000E+00
D   1  1.00
    3.5786074300E-01    1.0000000000E+00
D   1  1.00
    1.4000000000E-01    1.0000000000E+00
F   1  1.00
    8.9425329000E+00    1.0000000000E+00
F   1  1.00
    2.6920312990E+00    1.0000000000E+00
F   1  1.00
    5.4920000000E-01    1.0000000000E+00
F   1  1.00
    2.1900000000E-01    1.0000000000E+00
G   1  1.00
    4.6810000000E-01    1.0000000000E+00
****
-As 0
S   11  1.00
    8.2174826198E+06    2.2127438724E-04
    1.2305003720E+06    6.2171410849E-04
    2.8022586648E+05    1.6476552968E-03
    7.9482509415E+04    4.0405605932E-03
    2.5963783351E+04    9.8211967792E-03
    9.3814010193E+03    2.3941853995E-02
    3.6604911972E+03    5.7855473097E-02
    1.5182356024E+03    1.3239284958E-01
    6.6180098920E+02    2.5902870920E-01
    3.0058642127E+02    2.6470002935E-01
    1.4111137296E+02    4.0402694506E-01
S   1  1.00
    2.5770870580E+03    1.0000000000E+00
S   1  1.00
    7.9807872277E+02    1.0000000000E+00
S   1  1.00
    3.0657574948E+02    1.0000000000E+00
S   1  1.00
    1.3227558802E+02    1.0000000000E+00
S   1  1.00
    6.7448702235E+01    1.0000000000E+00
S   1  1.00
    2.9209180441E+01    1.0000000000E+00
S   1  1.00
    1.4156509326E+01    1.0000000000E+00
S   1  1.00
    6.5561506680E+00    1.0000000000E+00
S   1  1.00
    3.1392847240E+00    1.0000000000E+00
S   1  1.00
    1.4294631050E+00    1.0000000000E+00
S   1  1.00
    4.1103390900E-01    1.0000000000E+00
S   1  1.00
    2.0032453300E-01    1.0000000000E+00
S   1  1.00
    8.5669929000E-02    1.0000000000E+00
P   10  1.00
    2.5198504278E+04    2.0428360502E-04
    5.9725601381E+03    8.4508191557E-04
    1.9419123183E+03    3.6529438468E-03
    7.4359381104E+02    1.3735714769E-02
    3.1563828052E+02    4.5254727448E-02
    1.4396878925E+02    1.2146184759E-01
    6.9068683164E+01    2.5027418942E-01
    3.4254305629E+01    3.6208488493E-01
    1.7371746759E+01    2.8325207931E-01
    8.7634555630E+00    1.0900077409E-01
P   1  1.00
    2.2849024582E+02    1.0000000000E+00
P   1  1.00
    8.6313555488E+01    1.0000000000E+00
P   1  1.00
    3.6751366267E+01    1.0000000000E+00
P   1  1.00
    8.5365149460E+00    1.0000000000E+00
P   1  1.00
    4.1935128600E+00    1.0000000000E+00
P   1  1.00
    2.0464980420E+00    1.0000000000E+00
P   1  1.00
    9.8000000000E-01    1.0000000000E+00
P   1  1.00
    4.0534340600E-01    1.0000000000E+00
P   1  1.00
    1.6655070500E-01    1.0000000000E+00
P   1  1.00
    6.5981706000E-02    1.0000000000E+00
D   7  1.00
    4.7932599612E+02    9.3463308681E-04
    1.4396064855E+02    7.7763253348E-03
    5.5548909224E+01    3.7355067953E-02
    2.3927581006E+01    1.1977993115E-01
    1.0988194172E+01    2.6393710036E-01
    5.1489356260E+00    3.8972452579E-01
    2.3836810890E+00    3.9870974061E-01
D   1  1.00
    1.0688204670E+00    1.0000000000E+00
D   1  1.00
    4.3305693700E-01    1.0000000000E+00
D   1  1.00
    1.7000000000E-01    1.0000000000E+00
F   1  1.00
    1.0181096831E+01    1.0000000000E+00
F   1  1.00
    3.1280704550E+00    1.0000000000E+00
F   1  1.00
    2.6400000000E-01    1.0000000000E+00
F   1  1.00
    6.4400000000E-01    1.0000000000E+00
G   1  1.00
    5.4650000000E-01    1.0000000000E+00
****
-Se 0
S   11  1.00
    9.5204467743E+06    1.9718323612E-04
    1.4249840802E+06    5.5132400302E-04
    3.2412757682E+05    1.4534235957E-03
    9.1774876950E+04    3.5352328552E-03
    2.9932725725E+04    8.4990736810E-03
    1.0804617905E+04    2.0441990004E-02
    4.2140134779E+03    4.9009090019E-02
    1.7478116633E+03    1.1204858606E-01
    7.6212160878E+02    2.1943502781E-01
    3.4645604141E+02    3.7061805427E-01
    1.6311569304E+02    3.5299338391E-01
S   1  1.00
    2.6145153067E+03    1.0000000000E+00
S   1  1.00
    8.1868552756E+02    1.0000000000E+00
S   1  1.00
    3.1863398991E+02    1.0000000000E+00
S   1  1.00
    1.3904844125E+02    1.0000000000E+00
S   1  1.00
    7.8348734788E+01    1.0000000000E+00
S   1  1.00
    3.1704290663E+01    1.0000000000E+00
S   1  1.00
    1.5505859269E+01    1.0000000000E+00
S   1  1.00
    7.3227423620E+00    1.0000000000E+00
S   1  1.00
    3.4969483550E+00    1.0000000000E+00
S   1  1.00
    1.6121546090E+00    1.0000000000E+00
S   1  1.00
    4.9587158500E-01    1.0000000000E+00
S   1  1.00
    2.4092138200E-01    1.0000000000E+00
S   1  1.00
    1.0231739400E-01    1.0000000000E+00
P   10  1.00
    2.5360215615E+04    2.3319985833E-04
    5.9937896610E+03    9.6677357655E-04
    1.9430741755E+03    4.1788208217E-03
    7.4235316156E+02    1.5683037602E-02
    3.1462114597E+02    5.1270330615E-02
    1.4334748044E+02    1.3529793016E-01
    6.8673617552E+01    2.7024581002E-01
    3.4013554117E+01    3.6720614260E-01
    1.7198099621E+01    2.7065722878E-01
    8.5830329630E+00    7.2047268443E-02
P   1  1.00
    2.3658209146E+02    1.0000000000E+00
P   1  1.00
    9.0576183214E+01    1.0000000000E+00
P   1  1.00
    3.9086689301E+01    1.0000000000E+00
P   1  1.00
    9.3084344020E+00    1.0000000000E+00
P   1  1.00
    4.6169923080E+00    1.0000000000E+00
P   1  1.00
    2.2653477510E+00    1.0000000000E+00
P   1  1.00
    1.0800000000E+00    1.0000000000E+00
P   1  1.00
    4.7939328600E-01    1.0000000000E+00
P   1  1.00
    1.9619983800E-01    1.0000000000E+00
P   1  1.00
    7.6256339000E-02    1.0000000000E+00
D   7  1.00
    5.3948700124E+02    8.8009505269E-04
    1.6213394435E+02    7.3227534764E-03
    6.2661795641E+01    3.5598544570E-02
    2.7077272889E+01    1.1570496894E-01
    1.2483003929E+01    2.5966221386E-01
    5.8864623140E+00    3.9045233794E-01
    2.7519131100E+00    4.0270266418E-01
D   1  1.00
    1.2500769620E+00    1.0000000000E+00
D   1  1.00
    5.1172841800E-01    1.0000000000E+00
D   1  1.00
    2.0000000000E-01    1.0000000000E+00
F   1  1.00
    1.1333391939E+01    1.0000000000E+00
F   1  1.00
    3.5185505690E+00    1.0000000000E+00
F   1  1.00
    2.8400000000E-01    1.0000000000E+00
F   1  1.00
    7.0970000000E-01    1.0000000000E+00
G   1  1.00
    5.7300000000E-01    1.0000000000E+00
****
-Br 0
S   11  1.00
    1.0629044264E+07    1.6796979450E-04
    1.5919182739E+06    4.6708247046E-04
    3.6233398437E+05    1.2240773484E-03
    1.0264311141E+05    2.9533636652E-03
    3.3489846668E+04    7.0288225073E-03
    1.2091247190E+04    1.6721064568E-02
    4.7161908789E+03    3.9641838838E-02
    1.9561598080E+03    9.0173705120E-02
    8.5308595848E+02    1.7877470359E-01
    3.8796633666E+02    4.6189502346E-01
    1.8285156613E+02    3.1950576693E-01
S   1  1.00
    3.2404086421E+03    1.0000000000E+00
S   1  1.00
    1.0004631935E+03    1.0000000000E+00
S   1  1.00
    3.8337301682E+02    1.0000000000E+00
S   1  1.00
    1.6603929698E+02    1.0000000000E+00
S   1  1.00
    8.7919906994E+01    1.0000000000E+00
S   1  1.00
    3.5675840068E+01    1.0000000000E+00
S   1  1.00
    1.7543657842E+01    1.0000000000E+00
S   1  1.00
    8.4473660430E+00    1.0000000000E+00
S   1  1.00
    3.9666180620E+00    1.0000000000E+00
S   1  1.00
    1.8356815990E+00    1.0000000000E+00
S   1  1.00
    5.9084778800E-01    1.0000000000E+00
S   1  1.00
    2.8863218400E-01    1.0000000000E+00
S   1  1.00
    1.2153380500E-01    1.0000000000E+00
P   10  1.00
    2.6566476579E+04    2.4761604095E-04
    6.2905088566E+03    1.0088613171E-03
    2.0433178410E+03    4.3099959705E-03
    7.8167221007E+02    1.6043848146E-02
    3.3151078945E+02    5.2246542756E-02
    1.5109198667E+02    1.3725714491E-01
    7.2395278166E+01    2.7252468318E-01
    3.5869510844E+01    3.6626715959E-01
    1.8139906191E+01    2.6696560910E-01
    9.0466688940E+00    7.2019268624E-02
P   1  1.00
    2.5371822146E+02    1.0000000000E+00
P   1  1.00
    9.7250818058E+01    1.0000000000E+00
P   1  1.00
    4.2034897960E+01    1.0000000000E+00
P   1  1.00
    9.9685673550E+00    1.0000000000E+00
P   1  1.00
    4.9395854750E+00    1.0000000000E+00
P   1  1.00
    2.4382845470E+00    1.0000000000E+00
P   1  1.00
    1.1800000000E+00    1.0000000000E+00
P   1  1.00
    5.1047565000E-01    1.0000000000E+00
P   1  1.00
    2.1215851900E-01    1.0000000000E+00
P   1  1.00
    8.3943605000E-02    1.0000000000E+00
D   7  1.00
    6.0144434484E+02    8.3830677911E-04
    1.8085718640E+02    6.9655438591E-03
    6.9986806340E+01    3.4191279912E-02
    3.0324710300E+01    1.1241038168E-01
    1.4027909238E+01    2.5608028028E-01
    6.6511702080E+00    3.9099368058E-01
    3.1354168340E+00    4.0592295512E-01
D   1  1.00
    1.4393591840E+00    1.0000000000E+00
D   1  1.00
    5.9350441400E-01    1.0000000000E+00
D   1  1.00
    2.3000000000E-01    1.0000000000E+00
F   1  1.00
    1.2703062423E+01    1.0000000000E+00
F   1  1.00
    4.0083455670E+00    1.0000000000E+00
F   1  1.00
    3.4070000000E-01    1.0000000000E+00
F   1  1.00
    8.2570000000E-01    1.0000000000E+00
G   1  1.00
    6.4910000000E-01    1.0000000000E+00
****
-Kr 0
S   11  1.00
    1.1713823008E+07    2.0756979005E-04
    1.7552533979E+06    5.7435232322E-04
    3.9971741924E+05    1.4973262322E-03
    1.1328579260E+05    3.5862567834E-03
    3.6977205293E+04    8.4600075092E-03
    1.3355036580E+04    1.9911883923E-02
    5.2109012988E+03    4.6843894570E-02
    2.1621137020E+03    1.0614049831E-01
    9.4329291023E+02    2.0847716164E-01
    4.2920724331E+02    3.6662663174E-01
    2.0240720840E+02    3.7466312019E-01
S   1  1.00
    3.2604985521E+03    1.0000000000E+00
S   1  1.00
    1.0111069716E+03    1.0000000000E+00
S   1  1.00
    3.9244359273E+02    1.0000000000E+00
S   1  1.00
    1.7321702132E+02    1.0000000000E+00
S   1  1.00
    9.6619988467E+01    1.0000000000E+00
S   1  1.00
    3.8158284867E+01    1.0000000000E+00
S   1  1.00
    1.8959517570E+01    1.0000000000E+00
S   1  1.00
    9.2505996200E+00    1.0000000000E+00
S   1  1.00
    4.3486517620E+00    1.0000000000E+00
S   1  1.00
    2.0380324210E+00    1.0000000000E+00
S   1  1.00
    6.9110152500E-01    1.0000000000E+00
S   1  1.00
    3.3506065100E-01    1.0000000000E+00
S   1  1.00
    1.4074441100E-01    1.0000000000E+00
P   10  1.00
    2.8609335767E+04    2.5444173355E-04
    6.7731236364E+03    1.0165087390E-03
    2.1998011079E+03    4.2912643476E-03
    8.4150201590E+02    1.5854993607E-02
    3.5692110288E+02    5.1514846372E-02
    1.6271174351E+02    1.3563866911E-01
    7.8004264994E+01    2.7057055267E-01
    3.8682579997E+01    3.6576776966E-01
    1.9589158685E+01    2.6950462012E-01
    9.7990863420E+00    7.4056367231E-02
P   1  1.00
    2.6137786869E+02    1.0000000000E+00
P   1  1.00
    1.0009932146E+02    1.0000000000E+00
P   1  1.00
    4.4012139363E+01    1.0000000000E+00
P   1  1.00
    1.0854010739E+01    1.0000000000E+00
P   1  1.00
    5.4351930180E+00    1.0000000000E+00
P   1  1.00
    2.7062805540E+00    1.0000000000E+00
P   1  1.00
    1.3195633410E+00    1.0000000000E+00
P   1  1.00
    5.8004456000E-01    1.0000000000E+00
P   1  1.00
    2.4329976300E-01    1.0000000000E+00
P   1  1.00
    9.6823725000E-02    1.0000000000E+00
D   7  1.00
    6.6535057386E+02    8.0545728691E-04
    2.0017995366E+02    6.6760865637E-03
    7.7545085570E+01    3.3030587811E-02
    3.3677854345E+01    1.0967862044E-01
    1.5624928334E+01    2.5306754482E-01
    7.4427867420E+00    3.9147012836E-01
    3.5336073530E+00    4.0851870221E-01
D   1  1.00
    1.6363725140E+00    1.0000000000E+00
D   1  1.00
    6.7845684700E-01    1.0000000000E+00
D   1  1.00
    2.7000000000E-01    1.0000000000E+00
F   1  1.00
    1.4180116992E+01    1.0000000000E+00
F   1  1.00
    4.5393183680E+00    1.0000000000E+00
F   1  1.00
    4.1300000000E-01    1.0000000000E+00
F   1  1.00
    9.5570000000E-01    1.0000000000E+00
G   1  1.00
    7.3950000000E-01    1.0000000000E+00
****


