! Basis data obtained from ORCA (transformed using utility mkl2gjf in MOKIT)
! Basis name : ZORA-def2-TZVP(-f)
! Basis description : relativistically recontracted Karlsruhe basis sets; all-electron basis set for DKH calculations
!
!------------------------------------------------
! status : unpublished
! type : orbital
!------------------------------------------------
!
! Elements                             References
! --------                             ----------
! H-Kr                                 Please cite ORCA
-H 0
S   3  1.00
    3.4061341000E+01    2.5439316773E-02
    5.1235746000E+00    1.9008593412E-01
    1.1646626000E+00    8.5244113870E-01
S   1  1.00
    3.2723041000E-01    1.0000000000E+00
S   1  1.00
    1.0307241000E-01    1.0000000000E+00
P   1  1.00
    8.0000000000E-01    1.0000000000E+00
****
-He 0
S   3  1.00
    9.8078321620E+01    2.8789823153E-02
    1.4764404250E+01    2.0815965849E-01
    3.3185831500E+00    8.3752606697E-01
S   1  1.00
    8.7413870000E-01    1.0000000000E+00
S   1  1.00
    2.4459897000E-01    1.0000000000E+00
P   1  1.00
    1.0000000000E+00    1.0000000000E+00
****
-Li 0
S   6  1.00
    6.2692628010E+03    5.2497808229E-04
    9.4031612431E+02    4.0347499913E-03
    2.1422107528E+02    2.0962189195E-02
    6.0759840180E+01    8.5510615117E-02
    1.9915152030E+01    2.8027993855E-01
    7.3171509800E+00    6.9198618859E-01
S   1  1.00
    2.9724674200E+00    1.0000000000E+00
S   1  1.00
    1.2639852300E+00    1.0000000000E+00
S   1  1.00
    5.1427490000E-01    1.0000000000E+00
S   1  1.00
    7.7030890000E-02    1.0000000000E+00
S   1  1.00
    2.8938900000E-02    1.0000000000E+00
P   1  1.00
    4.0000000000E-01    1.0000000000E+00
P   1  1.00
    6.0000000000E-02    1.0000000000E+00
P   1  1.00
    3.3270000000E+00    1.0000000000E+00
****
-Be 0
S   6  1.00
    4.7002365626E+03    7.0683837111E-04
    7.0482845622E+02    5.4132399937E-03
    1.6043110478E+02    2.7840139199E-02
    4.5425347340E+01    1.0887191540E-01
    1.4798334120E+01    3.2166383404E-01
    5.3512452500E+00    6.3391589155E-01
S   1  1.00
    2.1542044800E+00    1.0000000000E+00
S   1  1.00
    9.3363744000E-01    1.0000000000E+00
S   1  1.00
    1.8791433000E-01    1.0000000000E+00
S   1  1.00
    7.4648268000E-01    1.0000000000E+00
P   1  1.00
    3.6316917150E+00    1.0000000000E+00
P   2  1.00
    7.1695694400E-01   -2.6735259513E-01
    1.9541932900E-01   -8.1425266512E-01
P   1  1.00
    6.0515466000E-02    1.0000000000E+00
D   1  1.00
    1.8000000000E-01    1.0000000000E+00
****
-B 0
S   6  1.00
    8.5648660687E+03    6.5634532249E-04
    1.2841516263E+03    5.0067487407E-03
    2.9227871604E+02    2.5738254384E-02
    8.2775469180E+01    1.0209857000E-01
    2.7017939270E+01    3.0929316212E-01
    9.8149619700E+00    6.5136882752E-01
S   1  1.00
    3.9318559100E+00    1.0000000000E+00
S   1  1.00
    1.6595599700E+00    1.0000000000E+00
S   1  1.00
    3.5762965000E-01    1.0000000000E+00
S   1  1.00
    1.4246277000E-01    1.0000000000E+00
S   1  1.00
    6.0560590000E-02    1.0000000000E+00
P   4  1.00
    2.2453875800E+01    1.1215750966E-02
    5.1045058300E+00    7.3088856946E-02
    1.4986081300E+00    2.9271895727E-01
    5.0927831000E-01    7.3894856846E-01
P   1  1.00
    1.8147078000E-01    1.0000000000E+00
P   1  1.00
    6.4621890000E-02    1.0000000000E+00
D   1  1.00
    6.6100000000E-01    1.0000000000E+00
D   1  1.00
    1.9900000000E-01    1.0000000000E+00
****
-C 0
S   6  1.00
    1.3575349682E+04    6.3233263437E-04
    2.0352333680E+03    4.7884406070E-03
    4.6322562359E+02    2.4601692025E-02
    1.3120019598E+02    9.8155568482E-02
    4.2853015890E+01    3.0244154710E-01
    1.5584185770E+01    6.6121369362E-01
S   1  1.00
    6.2067138500E+00    1.0000000000E+00
S   1  1.00
    2.5764896500E+00    1.0000000000E+00
S   1  1.00
    5.7696339000E-01    1.0000000000E+00
S   1  1.00
    2.2972831000E-01    1.0000000000E+00
S   1  1.00
    9.5164440000E-02    1.0000000000E+00
P   4  1.00
    3.4697232240E+01    1.1369894545E-02
    7.9582622800E+00    7.6255932905E-02
    2.3780826900E+00    3.0187940197E-01
    8.1433208000E-01    7.2784138709E-01
P   1  1.00
    2.8887547000E-01    1.0000000000E+00
P   1  1.00
    1.0056824000E-01    1.0000000000E+00
D   1  1.00
    1.0970000000E+00    1.0000000000E+00
D   1  1.00
    3.1800000000E-01    1.0000000000E+00
****
-N 0
S   6  1.00
    1.9730800647E+04    6.2026730114E-04
    2.9578958745E+03    4.6568402390E-03
    6.7322133595E+02    2.3886300898E-02
    1.9068249494E+02    9.5586828255E-02
    6.2295441900E+01    2.9778158854E-01
    2.2654161180E+01    6.6783993614E-01
S   1  1.00
    8.9791477400E+00    1.0000000000E+00
S   1  1.00
    3.6863002400E+00    1.0000000000E+00
S   1  1.00
    8.4660077000E-01    1.0000000000E+00
S   1  1.00
    3.3647134000E-01    1.0000000000E+00
S   1  1.00
    1.3647654000E-01    1.0000000000E+00
P   4  1.00
    4.9200380510E+01    1.1513133636E-02
    1.1346790540E+01    7.8538606975E-02
    3.4273972400E+00    3.0819781027E-01
    1.1785525100E+00    7.2018968165E-01
P   1  1.00
    4.1642205000E-01    1.0000000000E+00
P   1  1.00
    1.4260826000E-01    1.0000000000E+00
D   1  1.00
    1.6540000000E+00    1.0000000000E+00
D   1  1.00
    4.6900000000E-01    1.0000000000E+00
****
-O 0
S   6  1.00
    2.7032382631E+04    6.1642529335E-04
    4.0523871392E+03    4.5771414726E-03
    9.2232722710E+02    2.3412115115E-02
    2.6124070989E+02    9.3839854403E-02
    8.5354641350E+01    2.9447075401E-01
    3.1035035240E+01    6.7247418452E-01
S   1  1.00
    1.2260860730E+01    1.0000000000E+00
S   1  1.00
    4.9987076000E+00    1.0000000000E+00
S   1  1.00
    1.1703108200E+00    1.0000000000E+00
S   1  1.00
    4.6474741000E-01    1.0000000000E+00
S   1  1.00
    1.8504536000E-01    1.0000000000E+00
P   4  1.00
    6.3274954800E+01    1.2109662594E-02
    1.4627049380E+01    8.3173439918E-02
    4.4501223500E+00    3.2000122191E-01
    1.5275799600E+00    7.0697908643E-01
P   1  1.00
    5.2935118000E-01    1.0000000000E+00
P   1  1.00
    1.7478421000E-01    1.0000000000E+00
D   1  1.00
    2.3140000000E+00    1.0000000000E+00
D   1  1.00
    6.4500000000E-01    1.0000000000E+00
****
-F 0
S   6  1.00
    3.5479100441E+04    6.1592469742E-04
    5.3184728983E+03    4.5296203142E-03
    1.2104810975E+03    2.3085025875E-02
    3.4285518140E+02    9.2563397446E-02
    1.1201943181E+02    2.9199371750E-01
    4.0714740250E+01    6.7592304002E-01
S   1  1.00
    1.6039678110E+01    1.0000000000E+00
S   1  1.00
    6.5038186700E+00    1.0000000000E+00
S   1  1.00
    1.5440477500E+00    1.0000000000E+00
S   1  1.00
    6.1223453000E-01    1.0000000000E+00
S   1  1.00
    2.4027980000E-01    1.0000000000E+00
P   4  1.00
    8.0233900480E+01    1.2442255062E-02
    1.8594010740E+01    8.5932411178E-02
    5.6867902700E+00    3.2644641550E-01
    1.9511006300E+00    6.9947245365E-01
P   1  1.00
    6.6970211000E-01    1.0000000000E+00
P   1  1.00
    2.1651300000E-01    1.0000000000E+00
D   1  1.00
    3.1070000000E+00    1.0000000000E+00
D   1  1.00
    8.5500000000E-01    1.0000000000E+00
****
-Ne 0
S   6  1.00
    4.5069464022E+04    6.1697058491E-04
    6.7559768656E+03    4.5047354023E-03
    1.5376502864E+03    2.2856926726E-02
    4.3551697667E+02    9.1614115870E-02
    1.4228655638E+02    2.9007543763E-01
    5.1692153800E+01    6.7856439628E-01
S   1  1.00
    2.0315870490E+01    1.0000000000E+00
S   1  1.00
    8.2021942600E+00    1.0000000000E+00
S   1  1.00
    1.9681276300E+00    1.0000000000E+00
S   1  1.00
    7.7904756000E-01    1.0000000000E+00
S   1  1.00
    3.0229502000E-01    1.0000000000E+00
P   4  1.00
    9.9782996030E+01    1.2648470974E-02
    2.3176124100E+01    8.7718577348E-02
    7.1163945900E+00    3.3040549097E-01
    2.4418711400E+00    6.9470441973E-01
P   1  1.00
    8.3389606000E-01    1.0000000000E+00
P   1  1.00
    2.6607311000E-01    1.0000000000E+00
D   1  1.00
    4.0140000000E+00    1.0000000000E+00
D   1  1.00
    1.0960000000E+00    1.0000000000E+00
****
-Na 0
S   7  1.00
    2.6041109927E+04    6.7114473752E-04
    3.9061268548E+03    4.9061687233E-03
    8.8897454993E+02    2.4603429546E-02
    2.5145497961E+02    9.4595596815E-02
    8.1650143510E+01    2.6082881446E-01
    2.8904158400E+01    4.5271973075E-01
    1.0625782930E+01    3.0947805076E-01
S   1  1.00
    5.3769410180E+01    1.0000000000E+00
S   1  1.00
    1.6308243020E+01    1.0000000000E+00
S   1  1.00
    2.3730384100E+00    1.0000000000E+00
S   1  1.00
    9.5730773000E-01    1.0000000000E+00
S   1  1.00
    4.0806461000E-01    1.0000000000E+00
S   1  1.00
    4.9967580000E-02    1.0000000000E+00
P   5  1.00
    1.3807979989E+02    6.8393212075E-03
    3.2232700390E+01    4.8506521114E-02
    9.9816075400E+00    1.8913361997E-01
    3.4822033900E+00    4.1758291212E-01
    1.2299134600E+00    5.2004652958E-01
P   1  1.00
    4.1743959000E-01    1.0000000000E+00
P   1  1.00
    3.0000000000E-02    1.0000000000E+00
P   1  1.00
    9.1000000000E-02    1.0000000000E+00
D   1  1.00
    2.6090000000E+00    1.0000000000E+00
D   1  1.00
    4.3000000000E-01    1.0000000000E+00
D   1  1.00
    1.0000000000E-01    1.0000000000E+00
****
-Mg 0
S   7  1.00
    3.1438349555E+04    6.7425718839E-04
    4.7155153354E+03    4.8757987524E-03
    1.0731629247E+03    2.4379453864E-02
    3.0357238768E+02    9.3705341793E-02
    9.8626251040E+01    2.5894664925E-01
    3.4943808420E+01    4.5196138923E-01
    1.2859785200E+01    3.1285118097E-01
S   1  1.00
    6.4876913000E+01    1.0000000000E+00
S   1  1.00
    1.9725520780E+01    1.0000000000E+00
S   1  1.00
    2.8951804300E+00    1.0000000000E+00
S   1  1.00
    1.1960454700E+00    1.0000000000E+00
S   1  1.00
    5.4329451000E-01    1.0000000000E+00
S   1  1.00
    1.0099104000E-01    1.0000000000E+00
S   1  1.00
    3.6865730000E-02    1.0000000000E+00
P   5  1.00
    1.7987189612E+02    6.3539207801E-03
    4.2120069380E+01    4.5700524177E-02
    1.3120503030E+01    1.8217195610E-01
    4.6257503600E+00    4.1479912925E-01
    1.6695211000E+00    5.2546521541E-01
P   1  1.00
    5.8551012000E-01    1.0000000000E+00
P   1  1.00
    1.8914796200E-01    1.0000000000E+00
P   1  1.00
    5.3768755000E-02    1.0000000000E+00
D   1  1.00
    3.4440000000E+00    1.0000000000E+00
D   1  1.00
    2.9000000000E-01    1.0000000000E+00
D   1  1.00
    7.0000000000E-02    1.0000000000E+00
****
-Al 0
S   7  1.00
    3.7792550772E+04    6.7488956395E-04
    5.6680682165E+03    4.8163293427E-03
    1.2898582841E+03    2.3996670229E-02
    3.6486596028E+02    9.2324097927E-02
    1.1857631515E+02    2.5626519736E-01
    4.2024867600E+01    4.5051640103E-01
    1.5499501630E+01    3.1820641476E-01
S   1  1.00
    7.5208026600E+01    1.0000000000E+00
S   1  1.00
    2.3031408970E+01    1.0000000000E+00
S   1  1.00
    3.6348797600E+00    1.0000000000E+00
S   1  1.00
    1.6065050000E+00    1.0000000000E+00
S   1  1.00
    7.6103395000E-01    1.0000000000E+00
S   1  1.00
    1.6556709000E-01    1.0000000000E+00
S   1  1.00
    6.0041580000E-02    1.0000000000E+00
P   6  1.00
    4.5252303192E+02    1.8941302181E-03
    1.0708195049E+02    1.4713691300E-02
    3.4131021250E+01    6.8558937558E-02
    1.2587037430E+01    2.1051253087E-01
    4.9811919700E+00    4.0718308999E-01
    2.0070350900E+00    4.6984333913E-01
P   1  1.00
    8.0083714000E-01    1.0000000000E+00
P   1  1.00
    2.0178927000E-01    1.0000000000E+00
D   2  1.00
    1.5700000000E+00    1.8310796469E-01
    3.3300000000E-01    9.1553982322E-01
D   1  1.00
    1.1100000000E-01    1.0000000000E+00
****
-Si 0
S   7  1.00
    4.4773358078E+04    6.7718691070E-04
    6.7171992104E+03    4.7699983032E-03
    1.5288960325E+03    2.3672345488E-02
    4.3254746585E+02    9.1078666211E-02
    1.4061505226E+02    2.5387501137E-01
    4.9857636720E+01    4.4916908681E-01
    1.8434974890E+01    3.2295687422E-01
S   1  1.00
    8.6533886110E+01    1.0000000000E+00
S   1  1.00
    2.6624606850E+01    1.0000000000E+00
S   1  1.00
    4.4953057200E+00    1.0000000000E+00
S   1  1.00
    2.1035045700E+00    1.0000000000E+00
S   1  1.00
    1.0106094900E+00    1.0000000000E+00
S   1  1.00
    2.3701751000E-01    1.0000000000E+00
S   1  1.00
    8.5703410000E-02    1.0000000000E+00
P   6  1.00
    3.9447503628E+02    2.9008496136E-03
    9.3137683100E+01    2.1994357121E-02
    2.9519608740E+01    9.7692707088E-02
    1.0781663790E+01    2.7003861242E-01
    4.1626574800E+00    4.4360309572E-01
    1.6247973000E+00    3.6191485967E-01
P   1  1.00
    5.4306660000E-01    1.0000000000E+00
P   1  1.00
    2.0582074000E-01    1.0000000000E+00
P   1  1.00
    7.0053490000E-02    1.0000000000E+00
D   2  1.00
    2.3030000000E+00    1.8345126351E-01
    4.7600000000E-01    9.1725631781E-01
D   1  1.00
    1.6000000000E-01    1.0000000000E+00
****
-P 0
S   7  1.00
    5.2426999233E+04    6.8078284004E-04
    7.8632660552E+03    4.7338564268E-03
    1.7895227333E+03    2.3401578658E-02
    5.0627300165E+02    8.9994164657E-02
    1.6460698546E+02    2.5177168870E-01
    5.8391918720E+01    4.4798814854E-01
    2.1643663200E+01    3.2707447423E-01
S   1  1.00
    9.9013837620E+01    1.0000000000E+00
S   1  1.00
    3.0550439820E+01    1.0000000000E+00
S   1  1.00
    5.4537087700E+00    1.0000000000E+00
S   1  1.00
    2.6503362600E+00    1.0000000000E+00
S   1  1.00
    1.2726688900E+00    1.0000000000E+00
S   1  1.00
    3.1645005000E-01    1.0000000000E+00
S   1  1.00
    1.1417467000E-01    1.0000000000E+00
P   6  1.00
    4.7227219248E+02    2.8339307760E-03
    1.1158882756E+02    2.1519061055E-02
    3.5445936420E+01    9.6330971887E-02
    1.2990776880E+01    2.6930271503E-01
    5.0486221700E+00    4.4649537836E-01
    1.9934049600E+00    3.5774580006E-01
P   1  1.00
    6.6527284000E-01    1.0000000000E+00
P   1  1.00
    2.5516832000E-01    1.0000000000E+00
P   1  1.00
    9.0357760000E-02    1.0000000000E+00
D   2  1.00
    3.1200000000E+00    1.8338718208E-01
    6.4800000000E-01    9.1693591016E-01
D   1  1.00
    2.1800000000E-01    1.0000000000E+00
****
-S 0
S   7  1.00
    6.0700928104E+04    6.8616349604E-04
    9.1026106854E+03    4.7083643715E-03
    2.0714166009E+03    2.3179047820E-02
    5.8602476821E+02    8.9044570393E-02
    1.9055395021E+02    2.4990614739E-01
    6.7630384260E+01    4.4692114315E-01
    2.5127306910E+01    3.3069435141E-01
S   1  1.00
    1.1257463010E+02    1.0000000000E+00
S   1  1.00
    3.4795554220E+01    1.0000000000E+00
S   1  1.00
    6.5115556200E+00    1.0000000000E+00
S   1  1.00
    3.2399032300E+00    1.0000000000E+00
S   1  1.00
    1.5477160900E+00    1.0000000000E+00
S   1  1.00
    4.0541030000E-01    1.0000000000E+00
S   1  1.00
    1.4550651000E-01    1.0000000000E+00
P   6  1.00
    5.6436716027E+02    2.7304441223E-03
    1.3342624379E+02    2.0755731755E-02
    4.2468271190E+01    9.3750497557E-02
    1.5616527580E+01    2.6591442823E-01
    6.1093988500E+00    4.4769179742E-01
    2.4404160200E+00    3.5908968454E-01
P   1  1.00
    8.3882201000E-01    1.0000000000E+00
P   1  1.00
    3.1288747000E-01    1.0000000000E+00
P   1  1.00
    1.0770109000E-01    1.0000000000E+00
D   2  1.00
    3.7560000000E+00    1.8285197459E-01
    8.1200000000E-01    9.1425987303E-01
D   1  1.00
    2.7300000000E-01    1.0000000000E+00
****
-Cl 0
S   7  1.00
    6.9507990945E+04    6.9605953657E-04
    1.0426156880E+04    4.6993143471E-03
    2.3732334061E+03    2.3004571346E-02
    6.7156420071E+02    8.8261653285E-02
    2.1841999790E+02    2.4824842897E-01
    7.7572249710E+01    4.4590444017E-01
    2.8888815280E+01    3.3387626680E-01
S   1  1.00
    1.2710527185E+02    1.0000000000E+00
S   1  1.00
    3.9339582960E+01    1.0000000000E+00
S   1  1.00
    7.6740680000E+00    1.0000000000E+00
S   1  1.00
    3.8745627600E+00    1.0000000000E+00
S   1  1.00
    1.8385832600E+00    1.0000000000E+00
S   1  1.00
    5.0229058000E-01    1.0000000000E+00
S   1  1.00
    1.7962723000E-01    1.0000000000E+00
P   6  1.00
    6.6650423284E+02    2.6391241704E-03
    1.5764241690E+02    2.0053331293E-02
    5.0262520980E+01    9.1295972488E-02
    1.8536078110E+01    2.6237049688E-01
    7.2940532800E+00    4.4828053061E-01
    2.9433249000E+00    3.6149819472E-01
P   1  1.00
    1.0404970800E+00    1.0000000000E+00
P   1  1.00
    3.8456415000E-01    1.0000000000E+00
P   1  1.00
    1.3069643000E-01    1.0000000000E+00
D   2  1.00
    4.6100000000E+00    1.8265835044E-01
    1.0110000000E+00    9.1329175212E-01
D   1  1.00
    3.3900000000E-01    1.0000000000E+00
****
-Ar 0
S   7  1.00
    7.9111422998E+04    7.0463007480E-04
    1.1864746009E+04    4.6906452277E-03
    2.7001642973E+03    2.2831576886E-02
    7.6395943485E+02    8.7479936942E-02
    2.4845150561E+02    2.4668857167E-01
    8.8283581000E+01    4.4499439328E-01
    3.2948607070E+01    3.3686799618E-01
S   1  1.00
    1.4255358000E+02    1.0000000000E+00
S   1  1.00
    4.4163688010E+01    1.0000000000E+00
S   1  1.00
    8.9524995000E+00    1.0000000000E+00
S   1  1.00
    4.5546920900E+00    1.0000000000E+00
S   1  1.00
    2.1444079000E+00    1.0000000000E+00
S   1  1.00
    6.0708777000E-01    1.0000000000E+00
S   1  1.00
    2.1651432000E-01    1.0000000000E+00
P   6  1.00
    7.7677541998E+02    2.5690508883E-03
    1.8380107018E+02    1.9482204525E-02
    5.8694003170E+01    8.9245900647E-02
    2.1701591700E+01    2.5927633671E-01
    8.5821489600E+00    4.4876511106E-01
    3.4922679200E+00    3.6362359894E-01
P   1  1.00
    1.2637427000E+00    1.0000000000E+00
P   1  1.00
    4.6607870000E-01    1.0000000000E+00
P   1  1.00
    1.5766003000E-01    1.0000000000E+00
D   2  1.00
    5.5510000000E+00    1.8246270285E-01
    1.2350000000E+00    9.1231351423E-01
D   1  1.00
    4.1200000000E-01    1.0000000000E+00
****
-K 0
S   8  1.00
    1.5397618325E+05    4.4359993646E-04
    2.3082497672E+04    2.8618385585E-03
    5.2532344745E+03    1.3786189288E-02
    1.4869550133E+03    5.3751619710E-02
    4.8406333726E+02    1.6946919724E-01
    1.7356653980E+02    1.6869945421E-01
    6.7116381460E+01    5.0911107089E-01
    2.6339502050E+01    2.4820500378E-01
S   1  1.00
    1.7287693567E+02    1.0000000000E+00
S   1  1.00
    5.3058649060E+01    1.0000000000E+00
S   1  1.00
    7.9212754000E+00    1.0000000000E+00
S   1  1.00
    3.2108880500E+00    1.0000000000E+00
S   1  1.00
    4.5662070900E+00    1.0000000000E+00
S   1  1.00
    7.0209907000E-01    1.0000000000E+00
S   1  1.00
    2.8258943000E-01    1.0000000000E+00
S   1  1.00
    3.5805820000E-02    1.0000000000E+00
S   1  1.00
    1.5819210000E-02    1.0000000000E+00
P   6  1.00
    7.2818449873E+02    3.4397657542E-03
    1.7213265061E+02    2.5755085164E-02
    5.4829847070E+01    1.1378838113E-01
    2.0166266490E+01    3.0914351708E-01
    7.8610728800E+00    4.7625935927E-01
    3.1105213100E+00    2.6493555665E-01
P   1  1.00
    1.1757337490E+01    1.0000000000E+00
P   1  1.00
    1.5139617400E+00    1.0000000000E+00
P   1  1.00
    5.8328592000E-01    1.0000000000E+00
P   1  1.00
    2.1570478000E-01    1.0000000000E+00
P   1  1.00
    4.1737000000E-02    1.0000000000E+00
D   1  1.00
    9.3000000000E-01    1.0000000000E+00
D   1  1.00
    1.8000000000E-01    1.0000000000E+00
D   1  1.00
    5.4000000000E-02    1.0000000000E+00
****
-Ca 0
S   8  1.00
    1.7251732685E+05    3.9381820282E-04
    2.5861519275E+04    2.4955180377E-03
    5.8856618668E+03    1.1930232925E-02
    1.6659730031E+03    4.6358790932E-02
    5.4236718148E+02    1.4605993827E-01
    1.9457803492E+02    2.8884835931E-01
    7.5303597640E+01    4.4139444923E-01
    2.9574062590E+01    2.1807654302E-01
S   1  1.00
    1.9120074660E+02    1.0000000000E+00
S   1  1.00
    5.8840299880E+01    1.0000000000E+00
S   1  1.00
    8.9642540800E+00    1.0000000000E+00
S   1  1.00
    3.6856960500E+00    1.0000000000E+00
S   1  1.00
    5.2464289700E+00    1.0000000000E+00
S   1  1.00
    8.4862622000E-01    1.0000000000E+00
S   1  1.00
    3.6743301000E-01    1.0000000000E+00
S   1  1.00
    6.6821580000E-02    1.0000000000E+00
S   1  1.00
    2.6759730000E-02    1.0000000000E+00
P   6  1.00
    8.3697262058E+02    3.3421281593E-03
    1.9793040142E+02    2.4976927350E-02
    6.3135558050E+01    1.1103484735E-01
    2.3282687170E+01    3.0512656562E-01
    9.1176444900E+00    4.7668568315E-01
    3.6336120100E+00    2.6956632750E-01
P   1  1.00
    1.3494163120E+01    1.0000000000E+00
P   1  1.00
    1.8139259800E+00    1.0000000000E+00
P   1  1.00
    7.1981826000E-01    1.0000000000E+00
P   1  1.00
    2.7629577000E-01    1.0000000000E+00
P   1  1.00
    7.4979000000E-02    1.0000000000E+00
P   1  1.00
    2.6927000000E-02    1.0000000000E+00
D   2  1.00
    5.4979093880E+00    2.4569670877E-01
    1.3177128030E+00    8.6771035524E-01
D   1  1.00
    3.2188682700E-01    1.0000000000E+00
D   1  1.00
    7.0528615000E-02    1.0000000000E+00
****
-Sc 0
S   8  1.00
    1.9161291874E+05    4.0387795586E-04
    2.8723850363E+04    2.4885096227E-03
    6.5370116490E+03    1.1871974936E-02
    1.8503097171E+03    4.5924446204E-02
    6.0238855156E+02    1.4452034160E-01
    2.1617324766E+02    2.9415586681E-01
    8.3712517880E+01    4.3772455007E-01
    3.2908707190E+01    2.1783084683E-01
S   1  1.00
    2.1134393234E+02    1.0000000000E+00
S   1  1.00
    6.5128920140E+01    1.0000000000E+00
S   1  1.00
    1.0034311530E+01    1.0000000000E+00
S   1  1.00
    4.1596884600E+00    1.0000000000E+00
S   1  1.00
    6.0009041600E+00    1.0000000000E+00
S   1  1.00
    9.8255784000E-01    1.0000000000E+00
S   1  1.00
    4.2483193000E-01    1.0000000000E+00
S   1  1.00
    7.7185460000E-02    1.0000000000E+00
S   1  1.00
    3.0147220000E-02    1.0000000000E+00
P   6  1.00
    9.4734122823E+02    3.2971597550E-03
    2.2409699732E+02    2.4562492442E-02
    7.1560334880E+01    1.0962156682E-01
    2.6444824490E+01    3.0348267979E-01
    1.0393798290E+01    4.7729268431E-01
    4.1606304600E+00    2.7065787181E-01
P   1  1.00
    1.5565737140E+01    1.0000000000E+00
P   1  1.00
    2.1121544900E+00    1.0000000000E+00
P   1  1.00
    8.4184709000E-01    1.0000000000E+00
P   1  1.00
    3.2297543000E-01    1.0000000000E+00
D   4  1.00
    3.0989390990E+01    2.0639628225E-02
    8.6905465100E+00    1.1674983828E-01
    2.9520256300E+00    3.6848203517E-01
    1.0761910700E+00    6.6504322429E-01
D   1  1.00
    3.8338915000E-01    1.0000000000E+00
D   1  1.00
    1.2534686000E-01    1.0000000000E+00
P   1  1.00
    8.9748000000E-02    1.0000000000E+00
D   1  1.00
    4.1000000000E-02    1.0000000000E+00
F   1  1.00
    3.4500000000E-01    1.0000000000E+00
****
-Ti 0
S   8  1.00
    2.1157569025E+05    4.1350229761E-04
    3.1714945058E+04    2.5046552135E-03
    7.2175476543E+03    1.1856519022E-02
    2.0429394247E+03    4.5686106825E-02
    6.6512896208E+02    1.4351255224E-01
    2.3874942264E+02    2.9732354434E-01
    9.2508691000E+01    4.3548225518E-01
    3.6403919210E+01    2.1774724375E-01
S   1  1.00
    2.3272624607E+02    1.0000000000E+00
S   1  1.00
    7.1791209710E+01    1.0000000000E+00
S   1  1.00
    1.1158534620E+01    1.0000000000E+00
S   1  1.00
    4.6548135400E+00    1.0000000000E+00
S   1  1.00
    6.8034629200E+00    1.0000000000E+00
S   1  1.00
    1.1201076400E+00    1.0000000000E+00
S   1  1.00
    4.8080119000E-01    1.0000000000E+00
S   1  1.00
    8.5157270000E-02    1.0000000000E+00
S   1  1.00
    3.2657480000E-02    1.0000000000E+00
P   6  1.00
    1.0631474732E+03    3.2691170636E-03
    2.5156507061E+02    2.4255333527E-02
    8.0408554850E+01    1.0857031965E-01
    2.9768193270E+01    3.0237781069E-01
    1.1736830560E+01    4.7785143742E-01
    4.7142375200E+00    2.7111438019E-01
P   1  1.00
    1.7796803700E+01    1.0000000000E+00
P   1  1.00
    2.4272698700E+00    1.0000000000E+00
P   1  1.00
    9.6823446000E-01    1.0000000000E+00
P   1  1.00
    3.7056694000E-01    1.0000000000E+00
D   4  1.00
    3.7713384720E+01    1.9776292454E-02
    1.0692931180E+01    1.1483003919E-01
    3.6728447000E+00    3.6680257795E-01
    1.3588590300E+00    6.6478974730E-01
D   1  1.00
    4.9213295000E-01    1.0000000000E+00
D   1  1.00
    1.6330521000E-01    1.0000000000E+00
P   1  1.00
    1.0156100000E-01    1.0000000000E+00
D   1  1.00
    5.4000000000E-02    1.0000000000E+00
F   1  1.00
    5.6200000000E-01    1.0000000000E+00
****
-V 0
S   8  1.00
    2.3234065058E+05    4.2498040075E-04
    3.4828841170E+04    2.5304191219E-03
    7.9265448691E+03    1.1882034499E-02
    2.2437733046E+03    4.5593238235E-02
    7.3059322944E+02    1.4291128467E-01
    2.6232219631E+02    2.9925202612E-01
    1.0170403805E+02    4.3398959354E-01
    4.0064784620E+01    2.1773119258E-01
S   1  1.00
    2.5524014968E+02    1.0000000000E+00
S   1  1.00
    7.8804646960E+01    1.0000000000E+00
S   1  1.00
    1.2340598950E+01    1.0000000000E+00
S   1  1.00
    5.1742019200E+00    1.0000000000E+00
S   1  1.00
    7.6513894500E+00    1.0000000000E+00
S   1  1.00
    1.2639759900E+00    1.0000000000E+00
S   1  1.00
    5.3861762000E-01    1.0000000000E+00
S   1  1.00
    9.2719300000E-02    1.0000000000E+00
S   1  1.00
    3.4998060000E-02    1.0000000000E+00
P   6  1.00
    1.1842369151E+03    3.2555849072E-03
    2.8023075192E+02    2.4047331656E-02
    8.9643627140E+01    1.0785258657E-01
    3.3242411250E+01    3.0171480445E-01
    1.3144514450E+01    4.7826841120E-01
    5.2948534100E+00    2.7108517723E-01
P   1  1.00
    2.0175586850E+01    1.0000000000E+00
P   1  1.00
    2.7605865200E+00    1.0000000000E+00
P   1  1.00
    1.1008900900E+00    1.0000000000E+00
P   1  1.00
    4.2013311000E-01    1.0000000000E+00
D   4  1.00
    4.3861134860E+01    1.9490593283E-02
    1.2516021890E+01    1.1499522956E-01
    4.3313855000E+00    3.6787823318E-01
    1.6138855800E+00    6.6219421782E-01
D   1  1.00
    5.8749574000E-01    1.0000000000E+00
D   1  1.00
    1.9515723000E-01    1.0000000000E+00
P   1  1.00
    1.1124800000E-01    1.0000000000E+00
D   1  1.00
    6.5000000000E-02    1.0000000000E+00
F   1  1.00
    8.3100000000E-01    1.0000000000E+00
****
-Cr 0
S   8  1.00
    2.5447780704E+05    4.3734865114E-04
    3.8131797054E+04    2.5610779315E-03
    8.6752930607E+03    1.1931485471E-02
    2.4550099848E+03    4.5605705957E-02
    7.9916217787E+02    1.4267891572E-01
    2.8690021489E+02    2.9978270316E-01
    1.1125413232E+02    4.3354637148E-01
    4.3864152640E+01    2.1776812691E-01
S   1  1.00
    2.7932669173E+02    1.0000000000E+00
S   1  1.00
    8.6274732380E+01    1.0000000000E+00
S   1  1.00
    1.3555756110E+01    1.0000000000E+00
S   1  1.00
    5.6978112800E+00    1.0000000000E+00
S   1  1.00
    8.5636582600E+00    1.0000000000E+00
S   1  1.00
    1.3988296800E+00    1.0000000000E+00
S   1  1.00
    5.7288171000E-01    1.0000000000E+00
S   1  1.00
    9.0096170000E-02    1.0000000000E+00
S   1  1.00
    3.4125890000E-02    1.0000000000E+00
P   6  1.00
    1.3064398864E+03    3.2672769578E-03
    3.0925311441E+02    2.4001437611E-02
    9.8996273960E+01    1.0773626772E-01
    3.6756916450E+01    3.0224094568E-01
    1.4566657080E+01    4.7902410805E-01
    5.8739937400E+00    2.6914736286E-01
P   1  1.00
    2.2890999700E+01    1.0000000000E+00
P   1  1.00
    3.0855001800E+00    1.0000000000E+00
P   1  1.00
    1.2132329100E+00    1.0000000000E+00
P   1  1.00
    4.4931681000E-01    1.0000000000E+00
D   4  1.00
    4.3720074480E+01    2.2189720576E-02
    1.2391242650E+01    1.2806524673E-01
    4.2639442000E+00    3.8629138059E-01
    1.5525221800E+00    6.4121748555E-01
D   1  1.00
    5.3761929000E-01    1.0000000000E+00
D   1  1.00
    1.6493173000E-01    1.0000000000E+00
P   1  1.00
    1.2067500000E-01    1.0000000000E+00
D   1  1.00
    5.1000000000E-02    1.0000000000E+00
F   1  1.00
    1.1470000000E+00    1.0000000000E+00
****
-Mn 0
S   8  1.00
    2.7718500153E+05    4.5048315113E-04
    4.1550769890E+04    2.5920910670E-03
    9.4559700152E+03    1.1970778266E-02
    2.6765206482E+03    4.5541323324E-02
    8.7146687530E+02    1.4211761242E-01
    3.1298306420E+02    3.0185016567E-01
    1.2144454051E+02    4.3189715088E-01
    4.7922598830E+01    2.1772350070E-01
S   1  1.00
    3.0366723163E+02    1.0000000000E+00
S   1  1.00
    9.3881403190E+01    1.0000000000E+00
S   1  1.00
    1.4879421210E+01    1.0000000000E+00
S   1  1.00
    6.2865200700E+00    1.0000000000E+00
S   1  1.00
    9.4858591300E+00    1.0000000000E+00
S   1  1.00
    1.5698706200E+00    1.0000000000E+00
S   1  1.00
    6.5903214000E-01    1.0000000000E+00
S   1  1.00
    1.0686292000E-01    1.0000000000E+00
S   1  1.00
    3.9267440000E-02    1.0000000000E+00
P   6  1.00
    1.4447978182E+03    3.2493629941E-03
    3.4206551197E+02    2.3734647257E-02
    1.0958400891E+02    1.0672326344E-01
    4.0747988170E+01    3.0076177167E-01
    1.6188626570E+01    4.7901470377E-01
    6.5484506000E+00    2.7082834654E-01
P   1  1.00
    2.5357086440E+01    1.0000000000E+00
P   1  1.00
    3.4830168800E+00    1.0000000000E+00
P   1  1.00
    1.3858800900E+00    1.0000000000E+00
P   1  1.00
    5.2555095000E-01    1.0000000000E+00
D   4  1.00
    5.6563189120E+01    1.9244444022E-02
    1.6278734710E+01    1.1610604121E-01
    5.6964273900E+00    3.7065679529E-01
    2.1411147900E+00    6.5700404075E-01
D   1  1.00
    7.8291802000E-01    1.0000000000E+00
D   1  1.00
    2.5952311000E-01    1.0000000000E+00
P   1  1.00
    1.2765000000E-01    1.0000000000E+00
D   1  1.00
    8.6000000000E-02    1.0000000000E+00
F   1  1.00
    1.3260000000E+00    1.0000000000E+00
****
-Fe 0
S   8  1.00
    3.0078484637E+05    4.6519131314E-04
    4.5088970557E+04    2.6317174405E-03
    1.0262516317E+04    1.2046805910E-02
    2.9052897293E+03    4.5610022141E-02
    9.4611487137E+02    1.4194115457E-01
    3.3987832894E+02    3.0285548685E-01
    1.3194425588E+02    4.3102327789E-01
    5.2111494080E+01    2.1757019222E-01
S   1  1.00
    3.2948839267E+02    1.0000000000E+00
S   1  1.00
    1.0192332739E+02    1.0000000000E+00
S   1  1.00
    1.6240462740E+01    1.0000000000E+00
S   1  1.00
    6.8840675800E+00    1.0000000000E+00
S   1  1.00
    1.0470693780E+01    1.0000000000E+00
S   1  1.00
    1.7360039600E+00    1.0000000000E+00
S   1  1.00
    7.2577289000E-01    1.0000000000E+00
S   1  1.00
    1.1595528000E-01    1.0000000000E+00
S   1  1.00
    4.1968230000E-02    1.0000000000E+00
P   6  1.00
    1.5853959970E+03    3.2519564281E-03
    3.7538006499E+02    2.3612225258E-02
    1.2031816501E+02    1.0626267582E-01
    4.4788749030E+01    3.0037029097E-01
    1.7829278580E+01    4.7930638664E-01
    7.2247153800E+00    2.7073023019E-01
P   1  1.00
    2.8143219760E+01    1.0000000000E+00
P   1  1.00
    3.8743241400E+00    1.0000000000E+00
P   1  1.00
    1.5410752300E+00    1.0000000000E+00
P   1  1.00
    5.8285615000E-01    1.0000000000E+00
D   4  1.00
    6.1996675030E+01    1.9683267879E-02
    1.7873732550E+01    1.1912815601E-01
    6.2744782900E+00    3.7570978018E-01
    2.3552337200E+00    6.5052150081E-01
D   1  1.00
    8.5432240000E-01    1.0000000000E+00
D   1  1.00
    2.7869254000E-01    1.0000000000E+00
P   1  1.00
    1.3491500000E-01    1.0000000000E+00
D   1  1.00
    9.1000000000E-02    1.0000000000E+00
F   1  1.00
    1.5980000000E+00    1.0000000000E+00
****
-Co 0
S   8  1.00
    3.2581701553E+05    4.8002854951E-04
    4.8839636453E+04    2.6703859139E-03
    1.1114937307E+04    1.2118380943E-02
    3.1461603642E+03    4.5671837576E-02
    1.0244378465E+03    1.4177408534E-01
    3.6802508816E+02    3.0388280174E-01
    1.4291229205E+02    4.3021333403E-01
    5.6482649210E+01    2.1736220766E-01
S   1  1.00
    3.5640298318E+02    1.0000000000E+00
S   1  1.00
    1.1031165215E+02    1.0000000000E+00
S   1  1.00
    1.7659634830E+01    1.0000000000E+00
S   1  1.00
    7.5059030500E+00    1.0000000000E+00
S   1  1.00
    1.1501807180E+01    1.0000000000E+00
S   1  1.00
    1.9081994600E+00    1.0000000000E+00
S   1  1.00
    7.9396697000E-01    1.0000000000E+00
S   1  1.00
    1.2444449000E-01    1.0000000000E+00
S   1  1.00
    4.4444650000E-02    1.0000000000E+00
P   6  1.00
    1.7311369144E+03    3.2631151128E-03
    4.0991750438E+02    2.3541044901E-02
    1.3145648578E+02    1.0596369719E-01
    4.8987439710E+01    3.0018554226E-01
    1.9537078990E+01    4.7952528048E-01
    7.9287281600E+00    2.7040479628E-01
P   1  1.00
    3.1076017580E+01    1.0000000000E+00
P   1  1.00
    4.2835180700E+00    1.0000000000E+00
P   1  1.00
    1.7022921600E+00    1.0000000000E+00
P   1  1.00
    6.4202909000E-01    1.0000000000E+00
D   4  1.00
    6.8140745240E+01    1.9918218699E-02
    1.9685241020E+01    1.2110081402E-01
    6.9322128800E+00    3.7897319873E-01
    2.6025125700E+00    6.4607262556E-01
D   1  1.00
    9.4016837000E-01    1.0000000000E+00
D   1  1.00
    3.0381458000E-01    1.0000000000E+00
P   1  1.00
    1.4130800000E-01    1.0000000000E+00
D   1  1.00
    9.8000000000E-02    1.0000000000E+00
F   1  1.00
    1.9030000000E+00    1.0000000000E+00
****
-Ni 0
S   8  1.00
    3.5153572935E+05    4.9630745258E-04
    5.2695809283E+04    2.7153399308E-03
    1.1992468293E+04    1.2212334933E-02
    3.3945776689E+03    4.5799265066E-02
    1.1053594585E+03    1.4175645760E-01
    3.9714677769E+02    3.0474044632E-01
    1.5427542974E+02    4.2950371268E-01
    6.1018723780E+01    2.1703278612E-01
S   1  1.00
    3.8445559739E+02    1.0000000000E+00
S   1  1.00
    1.1904879199E+02    1.0000000000E+00
S   1  1.00
    1.9137012220E+01    1.0000000000E+00
S   1  1.00
    8.1526718600E+00    1.0000000000E+00
S   1  1.00
    1.2579408640E+01    1.0000000000E+00
S   1  1.00
    2.0870866100E+00    1.0000000000E+00
S   1  1.00
    8.6432569000E-01    1.0000000000E+00
S   1  1.00
    1.3283169000E-01    1.0000000000E+00
S   1  1.00
    4.6845330000E-02    1.0000000000E+00
P   6  1.00
    1.8830907486E+03    3.2784928230E-03
    4.4595155320E+02    2.3489815839E-02
    1.4308430815E+02    1.0571804225E-01
    5.3372920720E+01    3.0004803074E-01
    2.1321919360E+01    4.7971044119E-01
    8.6643562000E+00    2.7007870662E-01
P   1  1.00
    3.4144255210E+01    1.0000000000E+00
P   1  1.00
    4.7122455900E+00    1.0000000000E+00
P   1  1.00
    1.8709231800E+00    1.0000000000E+00
P   1  1.00
    7.0370016000E-01    1.0000000000E+00
D   4  1.00
    7.4591603470E+01    2.0111549391E-02
    2.1590632750E+01    1.2274677746E-01
    7.6246142600E+00    3.8161170140E-01
    2.8632206800E+00    6.4238631369E-01
D   1  1.00
    1.0311063400E+00    1.0000000000E+00
D   1  1.00
    3.3060761000E-01    1.0000000000E+00
P   1  1.00
    1.4658800000E-01    1.0000000000E+00
D   1  1.00
    1.0600000000E-01    1.0000000000E+00
F   1  1.00
    2.1740000000E+00    1.0000000000E+00
****
-Cu 0
S   8  1.00
    3.7751879923E+05    5.1458450442E-04
    5.6589984311E+04    2.7699570394E-03
    1.2878711706E+04    1.2345615469E-02
    3.6453752143E+03    4.6067253481E-02
    1.1870072945E+03    1.4211893099E-01
    4.2646421902E+02    3.0523288267E-01
    1.6570660164E+02    4.2926947424E-01
    6.5598942710E+01    2.1613115301E-01
S   1  1.00
    4.1441265811E+02    1.0000000000E+00
S   1  1.00
    1.2832056039E+02    1.0000000000E+00
S   1  1.00
    2.0622089750E+01    1.0000000000E+00
S   1  1.00
    8.7821226000E+00    1.0000000000E+00
S   1  1.00
    1.3741372010E+01    1.0000000000E+00
S   1  1.00
    2.2431246800E+00    1.0000000000E+00
S   1  1.00
    8.9370549000E-01    1.0000000000E+00
S   1  1.00
    1.0836700000E-01    1.0000000000E+00
S   1  1.00
    3.8806180000E-02    1.0000000000E+00
P   6  1.00
    2.0347596692E+03    3.3127204949E-03
    4.8190468106E+02    2.3568639687E-02
    1.5467482963E+02    1.0596775887E-01
    5.7740576970E+01    3.0091177657E-01
    2.3099052810E+01    4.8011563215E-01
    9.3882478600E+00    2.6814733440E-01
P   1  1.00
    3.7596171210E+01    1.0000000000E+00
P   1  1.00
    5.1240690800E+00    1.0000000000E+00
P   1  1.00
    2.0119996100E+00    1.0000000000E+00
P   1  1.00
    7.3860686000E-01    1.0000000000E+00
D   4  1.00
    7.4129460640E+01    2.2486780431E-02
    2.1359842590E+01    1.3404559583E-01
    7.4995240500E+00    3.9632046913E-01
    2.7601394200E+00    6.2500560939E-01
D   1  1.00
    9.5362061000E-01    1.0000000000E+00
D   1  1.00
    2.8420863000E-01    1.0000000000E+00
P   1  1.00
    1.5506500000E-01    1.0000000000E+00
D   1  1.00
    8.5000000000E-02    1.0000000000E+00
F   1  1.00
    2.2330000000E+00    1.0000000000E+00
****
-Zn 0
S   8  1.00
    4.0592431028E+05    5.3148822271E-04
    6.0846955735E+04    2.8142714146E-03
    1.3847343092E+04    1.2426876128E-02
    3.9196158551E+03    4.6127696847E-02
    1.2763594167E+03    1.4188710190E-01
    4.5867254435E+02    3.0652314756E-01
    1.7828725246E+02    4.2811654645E-01
    7.0612192840E+01    2.1607495415E-01
S   1  1.00
    4.4388077950E+02    1.0000000000E+00
S   1  1.00
    1.3755875267E+02    1.0000000000E+00
S   1  1.00
    2.2268083480E+01    1.0000000000E+00
S   1  1.00
    9.5217310600E+00    1.0000000000E+00
S   1  1.00
    1.4874114070E+01    1.0000000000E+00
S   1  1.00
    2.4647517600E+00    1.0000000000E+00
S   1  1.00
    1.0113272200E+00    1.0000000000E+00
S   1  1.00
    1.4919852000E-01    1.0000000000E+00
S   1  1.00
    5.1441870000E-02    1.0000000000E+00
P   6  1.00
    2.2053508534E+03    3.3212125050E-03
    5.2235300699E+02    2.3453277120E-02
    1.6773055542E+02    1.0544251215E-01
    6.2670045370E+01    3.0004718998E-01
    2.5109749460E+01    4.7997751613E-01
    1.0225142680E+01    2.6920738259E-01
P   1  1.00
    4.0713442520E+01    1.0000000000E+00
P   1  1.00
    5.6247090700E+00    1.0000000000E+00
P   1  1.00
    2.2279949100E+00    1.0000000000E+00
P   1  1.00
    8.3354742000E-01    1.0000000000E+00
D   5  1.00
    8.8554315310E+01    1.4264149368E-02
    2.5721525560E+01    8.7651661865E-02
    9.1278367600E+00    2.6984745566E-01
    3.4312364100E+00    4.4586169599E-01
    1.2308920600E+00    4.4523348360E-01
D   1  1.00
    3.9031845000E-01    1.0000000000E+00
P   1  1.00
    1.6245500000E-01    1.0000000000E+00
P   1  1.00
    4.7769000000E-02    1.0000000000E+00
D   1  1.00
    1.2400000000E-01    1.0000000000E+00
F   1  1.00
    2.6140000000E+00    1.0000000000E+00
****
-Ga 0
S   8  1.00
    4.3554866254E+05    5.0905994057E-04
    6.5289589031E+04    2.8789721354E-03
    1.4858784256E+04    1.2531556124E-02
    4.2059734729E+03    4.6271695046E-02
    1.3696416431E+03    1.4183028251E-01
    4.9230348905E+02    3.0691061981E-01
    1.9141923233E+02    4.2741587878E-01
    7.5840558670E+01    2.1632609072E-01
S   1  1.00
    4.7430810613E+02    1.0000000000E+00
S   1  1.00
    1.4710297560E+02    1.0000000000E+00
S   1  1.00
    2.3982599430E+01    1.0000000000E+00
S   1  1.00
    1.0298230090E+01    1.0000000000E+00
S   1  1.00
    1.6050381430E+01    1.0000000000E+00
S   1  1.00
    2.6988468800E+00    1.0000000000E+00
S   1  1.00
    1.1428588700E+00    1.0000000000E+00
S   1  1.00
    2.0217652000E-01    1.0000000000E+00
S   1  1.00
    7.1980150000E-02    1.0000000000E+00
P   6  1.00
    2.4320171070E+03    3.2381502340E-03
    5.7612049582E+02    2.2679555980E-02
    1.8511584354E+02    1.0233063048E-01
    6.9246572560E+01    2.9373051777E-01
    2.7818107780E+01    4.7794060328E-01
    1.1420229940E+01    2.7977398015E-01
P   1  1.00
    4.2819661530E+01    1.0000000000E+00
P   1  1.00
    6.3885901000E+00    1.0000000000E+00
P   1  1.00
    2.6698993300E+00    1.0000000000E+00
P   1  1.00
    1.0781783800E+00    1.0000000000E+00
P   1  1.00
    2.2796559000E-01    1.0000000000E+00
P   1  1.00
    6.2836230000E-02    1.0000000000E+00
D   5  1.00
    1.0392331829E+02    1.2889174926E-02
    3.0371094390E+01    8.1300504056E-02
    1.0872078100E+01    2.5880220582E-01
    4.1549138000E+00    4.4453885648E-01
    1.5345659100E+00    4.5205132177E-01
D   1  1.00
    5.1114264000E-01    1.0000000000E+00
D   1  1.00
    3.0622000000E-01    1.0000000000E+00
D   1  1.00
    1.1391309000E-01    1.0000000000E+00
****
-Ge 0
S   8  1.00
    4.6611500592E+05    5.2281162036E-04
    6.9875420762E+04    2.9468987551E-03
    1.5903276716E+04    1.2577325392E-02
    4.5018233453E+03    4.6276648397E-02
    1.4660570924E+03    1.4123837349E-01
    5.2707841728E+02    3.0967299449E-01
    2.0500395074E+02    4.2563318543E-01
    8.1251596070E+01    2.1569129358E-01
S   1  1.00
    5.0574661282E+02    1.0000000000E+00
S   1  1.00
    1.5696593744E+02    1.0000000000E+00
S   1  1.00
    2.5761448180E+01    1.0000000000E+00
S   1  1.00
    1.1106654690E+01    1.0000000000E+00
S   1  1.00
    1.7272059100E+01    1.0000000000E+00
S   1  1.00
    2.9438289000E+00    1.0000000000E+00
S   1  1.00
    1.2839164900E+00    1.0000000000E+00
S   1  1.00
    2.5873337000E-01    1.0000000000E+00
S   1  1.00
    9.3524910000E-02    1.0000000000E+00
P   6  1.00
    2.6339346241E+03    3.2309141295E-03
    6.2400161628E+02    2.2436881597E-02
    2.0058528404E+02    1.0125682593E-01
    7.5097081530E+01    2.9160927066E-01
    3.0214388470E+01    4.7734211287E-01
    1.2440087570E+01    2.8305422026E-01
P   1  1.00
    4.5981316000E+01    1.0000000000E+00
P   1  1.00
    6.9945654400E+00    1.0000000000E+00
P   1  1.00
    2.9686001300E+00    1.0000000000E+00
P   1  1.00
    1.2320988500E+00    1.0000000000E+00
P   1  1.00
    2.8981615000E-01    1.0000000000E+00
P   1  1.00
    8.5564610000E-02    1.0000000000E+00
D   5  1.00
    1.1944887581E+02    1.1928750391E-02
    3.5062915290E+01    7.6834671058E-02
    1.2636924530E+01    2.5081153320E-01
    4.8888672900E+00    4.4361002617E-01
    1.8453195400E+00    4.5657861603E-01
D   1  1.00
    6.3571159000E-01    1.0000000000E+00
D   1  1.00
    3.5492132000E-01    1.0000000000E+00
D   1  1.00
    1.3155709000E-01    1.0000000000E+00
****
-As 0
S   8  1.00
    4.9803242158E+05    5.4726718059E-04
    7.4656868743E+04    3.0091950255E-03
    1.6990960004E+04    1.2621912244E-02
    4.8096200321E+03    4.6268795880E-02
    1.5662887055E+03    1.4066434877E-01
    5.6321360499E+02    3.1222888972E-01
    2.1911179978E+02    4.2407309106E-01
    8.6866061030E+01    2.1503673135E-01
S   1  1.00
    5.3819512479E+02    1.0000000000E+00
S   1  1.00
    1.6714850224E+02    1.0000000000E+00
S   1  1.00
    2.7605517159E+01    1.0000000000E+00
S   1  1.00
    1.1947858521E+01    1.0000000000E+00
S   1  1.00
    1.8538023133E+01    1.0000000000E+00
S   1  1.00
    3.2018985740E+00    1.0000000000E+00
S   1  1.00
    1.4356522080E+00    1.0000000000E+00
S   1  1.00
    3.1837805200E-01    1.0000000000E+00
S   1  1.00
    1.1622632200E-01    1.0000000000E+00
P   6  1.00
    2.6789421546E+03    3.5212393629E-03
    6.3461765840E+02    2.4203171662E-02
    2.0393967606E+02    1.0860399512E-01
    7.6323890369E+01    3.0237835374E-01
    3.0664124943E+01    4.7042374477E-01
    1.2505056732E+01    2.7520930798E-01
P   1  1.00
    4.9256229549E+01    1.0000000000E+00
P   1  1.00
    7.7274891470E+00    1.0000000000E+00
P   1  1.00
    3.5410493480E+00    1.0000000000E+00
P   1  1.00
    1.6985585500E+00    1.0000000000E+00
P   1  1.00
    7.6848071000E-01    1.0000000000E+00
P   1  1.00
    3.0050823300E-01    1.0000000000E+00
P   1  1.00
    9.8190639000E-02    1.0000000000E+00
D   5  1.00
    1.3533289305E+02    1.1212137148E-02
    3.9860212744E+01    7.3466375057E-02
    1.4446428359E+01    2.4465715108E-01
    5.6432900360E+00    4.4296567969E-01
    2.1668188620E+00    4.5977929171E-01
D   1  1.00
    7.6514970600E-01    1.0000000000E+00
D   1  1.00
    4.2434653000E-01    1.0000000000E+00
D   1  1.00
    1.6331527000E-01    1.0000000000E+00
****
-Se 0
S   8  1.00
    5.3107166696E+05    5.5833230487E-04
    7.9603044117E+04    3.0720998757E-03
    1.8115844240E+04    1.2770662244E-02
    5.1278923194E+03    4.6527365803E-02
    1.6699130839E+03    1.4096572292E-01
    6.0057534527E+02    3.1187206407E-01
    2.3370021247E+02    4.2381028883E-01
    9.2672443930E+01    2.1524465249E-01
S   1  1.00
    5.7157513675E+02    1.0000000000E+00
S   1  1.00
    1.7763686375E+02    1.0000000000E+00
S   1  1.00
    2.9517767050E+01    1.0000000000E+00
S   1  1.00
    1.2824399790E+01    1.0000000000E+00
S   1  1.00
    1.9848235840E+01    1.0000000000E+00
S   1  1.00
    3.4744018500E+00    1.0000000000E+00
S   1  1.00
    1.5988910800E+00    1.0000000000E+00
S   1  1.00
    3.8333469000E-01    1.0000000000E+00
S   1  1.00
    1.4049742000E-01    1.0000000000E+00
P   6  1.00
    2.8153500566E+03    3.6463101334E-03
    6.6692558298E+02    2.4879105441E-02
    2.1434213188E+02    1.1108764099E-01
    8.0246687940E+01    3.0713952923E-01
    3.2251081290E+01    4.7225419222E-01
    1.3106432560E+01    2.6590169770E-01
P   1  1.00
    5.3366108520E+01    1.0000000000E+00
P   1  1.00
    8.1827777200E+00    1.0000000000E+00
P   1  1.00
    3.6239945700E+00    1.0000000000E+00
P   1  1.00
    1.6341591400E+00    1.0000000000E+00
P   1  1.00
    5.8418320000E-01    1.0000000000E+00
P   1  1.00
    2.3966269000E-01    1.0000000000E+00
P   1  1.00
    8.8785130000E-02    1.0000000000E+00
D   5  1.00
    1.5182910279E+02    1.0635743637E-02
    4.4839992520E+01    7.0729442302E-02
    1.6328999510E+01    2.3957947185E-01
    6.4305057600E+00    4.4240364005E-01
    2.5048025200E+00    4.6233915229E-01
D   1  1.00
    9.0271148000E-01    1.0000000000E+00
D   1  1.00
    4.7683613000E-01    1.0000000000E+00
D   1  1.00
    1.8535160000E-01    1.0000000000E+00
****
-Br 0
S   8  1.00
    5.6507325256E+05    5.7160138293E-04
    8.4701723179E+04    3.1353390127E-03
    1.9276271900E+04    1.2939551746E-02
    5.4564284576E+03    4.6827929725E-02
    1.7769503500E+03    1.4140167592E-01
    6.3919398276E+02    3.1123577550E-01
    2.4878823961E+02    4.2366823676E-01
    9.8678305490E+01    2.1547751627E-01
S   1  1.00
    6.0607824568E+02    1.0000000000E+00
S   1  1.00
    1.8845598484E+02    1.0000000000E+00
S   1  1.00
    3.1497144510E+01    1.0000000000E+00
S   1  1.00
    1.3736008320E+01    1.0000000000E+00
S   1  1.00
    2.1203212770E+01    1.0000000000E+00
S   1  1.00
    3.7616420200E+00    1.0000000000E+00
S   1  1.00
    1.7735934000E+00    1.0000000000E+00
S   1  1.00
    4.5197414000E-01    1.0000000000E+00
S   1  1.00
    1.6613377000E-01    1.0000000000E+00
P   6  1.00
    3.0196955723E+03    3.6557498179E-03
    7.1535481126E+02    2.4739639925E-02
    2.2998328751E+02    1.1036902888E-01
    8.6167844620E+01    3.0572891553E-01
    3.4667870800E+01    4.7195865720E-01
    1.4113870310E+01    2.6802542823E-01
P   1  1.00
    5.7085653080E+01    1.0000000000E+00
P   1  1.00
    8.8193845800E+00    1.0000000000E+00
P   1  1.00
    3.9340302900E+00    1.0000000000E+00
P   1  1.00
    1.7998830400E+00    1.0000000000E+00
P   1  1.00
    6.6899411000E-01    1.0000000000E+00
P   1  1.00
    2.7136238000E-01    1.0000000000E+00
P   1  1.00
    1.0083790000E-01    1.0000000000E+00
D   5  1.00
    1.6885370257E+02    1.0175226107E-02
    4.9977949920E+01    6.8499093919E-02
    1.8274913340E+01    2.3541307148E-01
    7.2455694600E+00    4.4201452786E-01
    2.8562315000E+00    4.6428264349E-01
D   1  1.00
    1.0459621100E+00    1.0000000000E+00
D   1  1.00
    5.6865655000E-01    1.0000000000E+00
D   1  1.00
    2.2031490000E-01    1.0000000000E+00
****
-Kr 0
S   8  1.00
    6.0025097575E+05    6.5473040548E-04
    8.9976650781E+04    3.1553294599E-03
    2.0476814225E+04    1.3146185180E-02
    5.7961554078E+03    4.7163084297E-02
    1.8875913196E+03    1.4217261257E-01
    6.7911458519E+02    3.0981323840E-01
    2.6438244511E+02    4.2389146713E-01
    1.0488368574E+02    2.1586175101E-01
S   1  1.00
    6.4147370764E+02    1.0000000000E+00
S   1  1.00
    1.9957524820E+02    1.0000000000E+00
S   1  1.00
    3.3545462950E+01    1.0000000000E+00
S   1  1.00
    1.4683955140E+01    1.0000000000E+00
S   1  1.00
    2.2603101860E+01    1.0000000000E+00
S   1  1.00
    4.0650683000E+00    1.0000000000E+00
S   1  1.00
    1.9611027100E+00    1.0000000000E+00
S   1  1.00
    5.2465148000E-01    1.0000000000E+00
S   1  1.00
    1.9332400000E-01    1.0000000000E+00
P   6  1.00
    3.2329589614E+03    3.6659876245E-03
    7.6596442694E+02    2.4603616422E-02
    2.4633940810E+02    1.0963359668E-01
    9.2365283040E+01    3.0427482347E-01
    3.7199509550E+01    4.7167508611E-01
    1.5172166530E+01    2.7018886076E-01
P   1  1.00
    6.0931321700E+01    1.0000000000E+00
P   1  1.00
    9.4792600600E+00    1.0000000000E+00
P   1  1.00
    4.2564686300E+00    1.0000000000E+00
P   1  1.00
    1.9729313800E+00    1.0000000000E+00
P   1  1.00
    7.6337109000E-01    1.0000000000E+00
P   1  1.00
    3.0943626000E-01    1.0000000000E+00
P   1  1.00
    1.1569704000E-01    1.0000000000E+00
D   5  1.00
    1.8641760904E+02    9.7989815333E-03
    5.5274124350E+01    6.6667555043E-02
    2.0283219120E+01    2.3198795484E-01
    8.0884537000E+00    4.4175530350E-01
    3.2214033900E+00    4.6569122419E-01
D   1  1.00
    1.1952170100E+00    1.0000000000E+00
D   1  1.00
    6.4800000000E-01    1.0000000000E+00
D   1  1.00
    2.5100000000E-01    1.0000000000E+00
****


