! Basis data obtained from ORCA (transformed using utility mkl2gjf in MOKIT)
! Basis name : DKH-def2-SV(P)
! Basis description : relativistically recontracted Karlsruhe basis sets; all-electron basis set for DKH calculations
!
!------------------------------------------------
! status : unpublished
! type : orbital
!------------------------------------------------
!
! Elements                             References
! --------                             ----------
! H-Kr                                 Please cite ORCA
-H 0
S   3  1.00
    1.3010701000E+01    3.9128252686E-02
    1.9622572000E+00    2.8558405391E-01
    4.4453796000E-01    7.6899086024E-01
S   1  1.00
    1.2194962000E-01    1.0000000000E+00
****
-He 0
S   3  1.00
    3.8354936740E+01    4.0259208471E-02
    5.7689081500E+00    2.6142945583E-01
    1.2399407000E+00    7.9298055516E-01
S   1  1.00
    2.9757816000E-01    1.0000000000E+00
P   1  1.00
    1.0000000000E+00    1.0000000000E+00
****
-Li 0
S   5  1.00
    2.6627785516E+02    6.4843044743E-03
    4.0069783450E+01    4.7159030955E-02
    9.0559944400E+00    1.9998465269E-01
    2.4503009100E+00    4.7666893525E-01
    7.2209572000E-01    4.2442578770E-01
S   1  1.00
    5.2810880000E-02    1.0000000000E+00
S   1  1.00
    2.0960950000E-02    1.0000000000E+00
P   2  1.00
    1.4500000000E+00    2.2491232740E-01
    3.0000000000E-01    8.6973057717E-01
P   1  1.00
    8.2000000000E-02    1.0000000000E+00
****
-Be 0
S   5  1.00
    5.1518616125E+02    6.0910518652E-03
    7.7511037600E+01    4.4108589539E-02
    1.7552481690E+01    1.9158141423E-01
    4.8028940600E+00    4.7016004492E-01
    1.4516214300E+00    4.3691268140E-01
S   1  1.00
    1.3281634000E-01    1.0000000000E+00
S   1  1.00
    4.5837370000E-02    1.0000000000E+00
P   3  1.00
    3.6316917150E+00   -4.5461968587E-02
    7.1695694400E-01   -2.6427654321E-01
    1.9541932900E-01   -8.0488419844E-01
P   1  1.00
    6.0515466000E-02    1.0000000000E+00
****
-B 0
S   5  1.00
    8.3931830086E+02    5.9720370344E-03
    1.2626464843E+02    4.2863561511E-02
    2.8620600760E+01    1.8824087707E-01
    7.8793722700E+00    4.6823738942E-01
    2.4088857200E+00    4.4086603201E-01
S   1  1.00
    2.5105109000E-01    1.0000000000E+00
S   1  1.00
    8.3648870000E-02    1.0000000000E+00
P   3  1.00
    6.0332223600E+00    5.4145671629E-02
    1.2499157900E+00    3.0209637768E-01
    3.3871676000E-01    7.7154249881E-01
P   1  1.00
    9.6415630000E-02    1.0000000000E+00
D   1  1.00
    5.0000000000E-01    1.0000000000E+00
****
-C 0
S   5  1.00
    1.2384016938E+03    5.9599744640E-03
    1.8629004992E+02    4.2262111079E-02
    4.2251176350E+01    1.8665752136E-01
    1.1676557930E+01    4.6758158650E-01
    3.5930506500E+00    4.4228972869E-01
S   1  1.00
    4.0245147000E-01    1.0000000000E+00
S   1  1.00
    1.3090183000E-01    1.0000000000E+00
P   3  1.00
    9.4680970600E+00    5.7029458510E-02
    2.0103545100E+00    3.1304714946E-01
    5.4771005000E-01    7.6051353012E-01
P   1  1.00
    1.5268614000E-01    1.0000000000E+00
D   1  1.00
    8.0000000000E-01    1.0000000000E+00
****
-N 0
S   5  1.00
    1.7128415853E+03    6.0026649545E-03
    2.5764812677E+02    4.1950104086E-02
    5.8458245850E+01    1.8580201382E-01
    1.6198367910E+01    4.6734057299E-01
    5.0052600800E+00    4.4282302133E-01
S   1  1.00
    5.8731857000E-01    1.0000000000E+00
S   1  1.00
    1.8764592000E-01    1.0000000000E+00
P   3  1.00
    1.3571470230E+01    5.9030718767E-02
    2.9257372900E+00    3.2038312879E-01
    7.9927751000E-01    7.5310352607E-01
P   1  1.00
    2.1954348000E-01    1.0000000000E+00
D   1  1.00
    1.0000000000E+00    1.0000000000E+00
****
-O 0
S   5  1.00
    2.2661767785E+03    6.0711540223E-03
    3.4087010191E+02    4.1730896982E-02
    7.7363135170E+01    1.8507775983E-01
    2.1479644940E+01    4.6687740457E-01
    6.6589433100E+00    4.4357180607E-01
S   1  1.00
    8.0975976000E-01    1.0000000000E+00
S   1  1.00
    2.5530772000E-01    1.0000000000E+00
P   3  1.00
    1.7721504320E+01    6.2868019780E-02
    3.8635505400E+00    3.3349737029E-01
    1.0480920900E+00    7.4124216610E-01
P   1  1.00
    2.7641544000E-01    1.0000000000E+00
D   1  1.00
    1.2000000000E+00    1.0000000000E+00
****
-F 0
S   5  1.00
    2.8948325990E+03    6.1703815550E-03
    4.3541939120E+02    4.1650452725E-02
    9.8843328870E+01    1.8470291605E-01
    2.7485198000E+01    4.6666740064E-01
    8.5405498200E+00    4.4381248090E-01
S   1  1.00
    1.0654578000E+00    1.0000000000E+00
S   1  1.00
    3.3247347000E-01    1.0000000000E+00
P   3  1.00
    2.2696633920E+01    6.5088880543E-02
    4.9872339300E+00    3.4058716976E-01
    1.3491614000E+00    7.3454846194E-01
P   1  1.00
    3.4829882000E-01    1.0000000000E+00
D   1  1.00
    1.4000000000E+00    1.0000000000E+00
****
-Ne 0
S   5  1.00
    3.5989736625E+03    6.2926745437E-03
    5.4132073112E+02    4.1661664710E-02
    1.2290450062E+02    1.8453694861E-01
    3.4216617020E+01    4.6658169949E-01
    1.0650584120E+01    4.4377949842E-01
S   1  1.00
    1.3545954000E+00    1.0000000000E+00
S   1  1.00
    4.1919363000E-01    1.0000000000E+00
P   3  1.00
    2.8424053790E+01    6.6503901508E-02
    6.2822511000E+00    3.4488876799E-01
    1.6978715100E+00    7.3032245146E-01
P   1  1.00
    4.3300700000E-01    1.0000000000E+00
D   1  1.00
    1.8880000000E+00    1.0000000000E+00
****
-Na 0
S   5  1.00
    4.0982003908E+03    7.1455249830E-03
    6.1649374031E+02    4.6491632689E-02
    1.3996644001E+02    2.0381031025E-01
    3.9073441050E+01    4.8961528913E-01
    1.1929847210E+01    4.0132579283E-01
S   1  1.00
    2.0659966030E+01    1.0000000000E+00
S   1  1.00
    1.9838861000E+00    1.0000000000E+00
S   1  1.00
    6.4836324000E-01    1.0000000000E+00
S   1  1.00
    5.2443970000E-02    1.0000000000E+00
S   1  1.00
    2.8048160000E-02    1.0000000000E+00
P   5  1.00
    7.5401862020E+01    1.5664376700E-02
    1.7274818980E+01    1.0009038029E-01
    5.1842347400E+00    3.1232753576E-01
    1.6601212000E+00    4.9287714004E-01
    5.1232529000E-01    3.2379366517E-01
P   1  1.00
    5.2000000000E-02    1.0000000000E+00
D   1  1.00
    1.3100000000E-01    1.0000000000E+00
****
-Mg 0
S   5  1.00
    4.9538339196E+03    7.2389730898E-03
    7.4518044154E+02    4.6128619581E-02
    1.6921604972E+02    2.0200928466E-01
    4.7300672020E+01    4.8774029263E-01
    1.4461336970E+01    4.0492681244E-01
S   1  1.00
    2.4768174790E+01    1.0000000000E+00
S   1  1.00
    2.4940945300E+00    1.0000000000E+00
S   1  1.00
    8.7807585000E-01    1.0000000000E+00
S   1  1.00
    8.7212780000E-02    1.0000000000E+00
S   1  1.00
    3.3599290000E-02    1.0000000000E+00
P   5  1.00
    9.8053010490E+01    1.4759313099E-02
    2.2586932280E+01    9.5953740688E-02
    6.8391509800E+00    3.0818489060E-01
    2.2332843800E+00    4.9945205868E-01
    7.1606599000E-01    3.1425534243E-01
P   1  1.00
    1.8914796200E-01    1.0000000000E+00
P   1  1.00
    5.3768755000E-02    1.0000000000E+00
D   1  1.00
    1.0100000000E-01    1.0000000000E+00
****
-Al 0
S   5  1.00
    5.8875727030E+03    7.3616262629E-03
    8.8561225996E+02    4.5916416436E-02
    2.0113604899E+02    2.0067324921E-01
    5.6284974670E+01    4.8615149121E-01
    1.7229551240E+01    4.0774462861E-01
S   1  1.00
    2.9340249920E+01    1.0000000000E+00
S   1  1.00
    3.0439630400E+00    1.0000000000E+00
S   1  1.00
    1.1285539500E+00    1.0000000000E+00
S   1  1.00
    1.4234175000E-01    1.0000000000E+00
S   1  1.00
    5.4400190000E-02    1.0000000000E+00
P   5  1.00
    1.4511918809E+02    1.1026800500E-02
    3.3717894830E+01    7.4644770779E-02
    1.0369863080E+01    2.6177583888E-01
    3.5135616000E+00    4.8019031264E-01
    1.1980050300E+00    3.8361876390E-01
P   1  1.00
    2.6583006000E-01    1.0000000000E+00
P   1  1.00
    7.1003360000E-02    1.0000000000E+00
D   1  1.00
    3.0000000000E-01    1.0000000000E+00
****
-Si 0
S   5  1.00
    6.9037118686E+03    7.5014580202E-03
    1.0384346419E+03    4.5780797517E-02
    2.3587581480E+02    1.9951007111E-01
    6.6069385170E+01    4.8463959609E-01
    2.0247945760E+01    4.1030140026E-01
S   1  1.00
    3.4353481730E+01    1.0000000000E+00
S   1  1.00
    3.6370788200E+00    1.0000000000E+00
S   1  1.00
    1.4002048600E+00    1.0000000000E+00
S   1  1.00
    2.0484415000E-01    1.0000000000E+00
S   1  1.00
    7.7994100000E-02    1.0000000000E+00
P   5  1.00
    1.7983907373E+02    1.0488526253E-02
    4.1907258850E+01    7.1679392692E-02
    1.2955294370E+01    2.5647440559E-01
    4.4383267400E+00    4.8105987260E-01
    1.5462247900E+00    3.8475246913E-01
P   1  1.00
    3.5607612000E-01    1.0000000000E+00
P   1  1.00
    1.0008514000E-01    1.0000000000E+00
D   1  1.00
    3.5000000000E-01    1.0000000000E+00
****
-P 0
S   5  1.00
    8.0024795106E+03    7.6571197729E-03
    1.2036813590E+03    4.5716158114E-02
    2.7344227031E+02    1.9851901223E-01
    7.6655541520E+01    4.8323820163E-01
    2.3516927440E+01    4.1256415904E-01
S   1  1.00
    3.9791683440E+01    1.0000000000E+00
S   1  1.00
    4.2770343300E+00    1.0000000000E+00
S   1  1.00
    1.6940256900E+00    1.0000000000E+00
S   1  1.00
    2.7567675000E-01    1.0000000000E+00
S   1  1.00
    1.0495590000E-01    1.0000000000E+00
P   5  1.00
    2.1950755823E+02    9.9871527822E-03
    5.1274155030E+01    6.8771059650E-02
    1.5921595890E+01    2.5063009658E-01
    5.5069913500E+00    4.8056753422E-01
    1.9537719400E+00    3.8858378160E-01
P   1  1.00
    4.7803398000E-01    1.0000000000E+00
P   1  1.00
    1.3657953000E-01    1.0000000000E+00
D   1  1.00
    4.5000000000E-01    1.0000000000E+00
****
-S 0
S   5  1.00
    9.1849303010E+03    7.8265434902E-03
    1.3815105503E+03    4.5711914404E-02
    3.1387147580E+02    1.9767022018E-01
    8.8053870620E+01    4.8193293460E-01
    2.7039914910E+01    4.1457842267E-01
S   1  1.00
    4.5648731300E+01    1.0000000000E+00
S   1  1.00
    4.9664522300E+00    1.0000000000E+00
S   1  1.00
    2.0116242000E+00    1.0000000000E+00
S   1  1.00
    3.5661077000E-01    1.0000000000E+00
S   1  1.00
    1.3507221000E-01    1.0000000000E+00
P   5  1.00
    2.6198233439E+02    9.6591686232E-03
    6.1306894740E+01    6.6812831820E-02
    1.9103729890E+01    2.4681754682E-01
    6.6567720400E+00    4.8075591632E-01
    2.3959635200E+00    3.9000007606E-01
P   1  1.00
    6.1776162000E-01    1.0000000000E+00
P   1  1.00
    1.6993377000E-01    1.0000000000E+00
D   1  1.00
    5.5000000000E-01    1.0000000000E+00
****
-Cl 0
S   5  1.00
    1.0449827566E+04    8.0095642500E-03
    1.5717365221E+03    4.5769525634E-02
    3.5712065523E+02    1.9697688696E-01
    1.0025185935E+02    4.8074674717E-01
    3.0812727550E+01    4.1630790105E-01
S   1  1.00
    5.1923789430E+01    1.0000000000E+00
S   1  1.00
    5.7045761000E+00    1.0000000000E+00
S   1  1.00
    2.3508376800E+00    1.0000000000E+00
S   1  1.00
    4.4605125000E-01    1.0000000000E+00
S   1  1.00
    1.6848856000E-01    1.0000000000E+00
P   5  1.00
    3.0766790569E+02    9.4238570328E-03
    7.2102015510E+01    6.5347425170E-02
    2.2532680260E+01    2.4397372559E-01
    7.8991765400E+00    4.8117792814E-01
    2.8767268300E+00    3.9052628455E-01
P   1  1.00
    7.7459364000E-01    1.0000000000E+00
P   1  1.00
    2.1037700000E-01    1.0000000000E+00
D   1  1.00
    6.5000000000E-01    1.0000000000E+00
****
-Ar 0
S   5  1.00
    1.1797119765E+04    8.2050240547E-03
    1.7743522753E+03    4.5883311741E-02
    4.0318875733E+02    1.9642167566E-01
    1.1324933999E+02    4.7966508606E-01
    3.4835298190E+01    4.1778554264E-01
S   1  1.00
    5.8614775040E+01    1.0000000000E+00
S   1  1.00
    6.4922045100E+00    1.0000000000E+00
S   1  1.00
    2.7117014400E+00    1.0000000000E+00
S   1  1.00
    5.4412975000E-01    1.0000000000E+00
S   1  1.00
    2.0517411000E-01    1.0000000000E+00
P   5  1.00
    3.5628707256E+02    9.2651202982E-03
    8.3593132870E+01    6.4300094861E-02
    2.6186704030E+01    2.4201308803E-01
    9.2257275900E+00    4.8195723489E-01
    3.3922755000E+00    3.9003980701E-01
P   1  1.00
    9.4740534000E-01    1.0000000000E+00
P   1  1.00
    2.5659135000E-01    1.0000000000E+00
D   1  1.00
    6.9600000000E-01    1.0000000000E+00
****
-K 0
S   6  1.00
    3.1478746764E+04    3.6104492698E-03
    4.7268876066E+03    1.7425129843E-02
    1.0754345353E+03    7.5911046237E-02
    3.0339811023E+02    2.5001849630E-01
    9.8327112830E+01    4.7245836834E-01
    3.3636222180E+01    3.3228147250E-01
S   1  1.00
    6.5639209960E+01    1.0000000000E+00
S   1  1.00
    7.3162592200E+00    1.0000000000E+00
S   1  1.00
    2.8902580100E+00    1.0000000000E+00
S   1  1.00
    4.5459749000E+00    1.0000000000E+00
S   1  1.00
    7.0404124000E-01    1.0000000000E+00
S   1  1.00
    2.8266889000E-01    1.0000000000E+00
S   1  1.00
    2.9058160000E-02    1.0000000000E+00
S   1  1.00
    1.2111640000E-02    1.0000000000E+00
P   5  1.00
    3.6122492154E+02    1.0994578382E-02
    8.4670222170E+01    7.5367682338E-02
    2.6469088240E+01    2.7217171011E-01
    9.2658077600E+00    5.0841993133E-01
    3.3423388300E+00    3.2712821324E-01
P   1  1.00
    1.5100876100E+00    1.0000000000E+00
P   1  1.00
    5.6568375000E-01    1.0000000000E+00
P   1  1.00
    2.0817008000E-01    1.0000000000E+00
P   1  1.00
    4.1737000000E-02    1.0000000000E+00
D   1  1.00
    3.5300000000E-01    1.0000000000E+00
D   1  1.00
    9.8000000000E-02    1.0000000000E+00
****
-Ca 0
S   6  1.00
    3.5138713929E+04    3.7355420119E-03
    5.2764111348E+03    1.7619309433E-02
    1.2004692589E+03    7.5891167838E-02
    3.3871810542E+02    2.4920642694E-01
    1.0985385922E+02    4.7149040817E-01
    3.7608880300E+01    3.3401078868E-01
S   1  1.00
    7.3107977550E+01    1.0000000000E+00
S   1  1.00
    8.2407705700E+00    1.0000000000E+00
S   1  1.00
    3.2959813000E+00    1.0000000000E+00
S   1  1.00
    5.2341800900E+00    1.0000000000E+00
S   1  1.00
    8.4187221000E-01    1.0000000000E+00
S   1  1.00
    3.6510294000E-01    1.0000000000E+00
S   1  1.00
    5.1222400000E-02    1.0000000000E+00
S   1  1.00
    1.9825110000E-02    1.0000000000E+00
P   5  1.00
    4.1311313893E+02    1.0765021950E-02
    9.6935786220E+01    7.3808529852E-02
    3.0372154660E+01    2.6884099433E-01
    1.0684776830E+01    5.0777834396E-01
    3.8821258300E+00    3.3050129586E-01
P   1  1.00
    1.7993016300E+00    1.0000000000E+00
P   1  1.00
    6.9189057000E-01    1.0000000000E+00
P   1  1.00
    2.6364024000E-01    1.0000000000E+00
P   1  1.00
    7.4979000000E-02    1.0000000000E+00
D   3  1.00
    5.4979093880E+00    1.1600475715E-01
    1.3177128030E+00    4.0968611068E-01
    3.2188682700E-01    7.1131074613E-01
D   1  1.00
    7.0528615000E-02    1.0000000000E+00
****
-Sc 0
S   6  1.00
    3.8956081804E+04    3.8398330894E-03
    5.8495733637E+03    1.7747337070E-02
    1.3308813154E+03    7.5587451658E-02
    3.7555534165E+02    2.4527733508E-01
    1.2187261370E+02    4.6171879650E-01
    4.1760243730E+01    3.4908423009E-01
S   1  1.00
    8.1060633950E+01    1.0000000000E+00
S   1  1.00
    9.2059824000E+00    1.0000000000E+00
S   1  1.00
    3.7063215700E+00    1.0000000000E+00
S   1  1.00
    5.9888910000E+00    1.0000000000E+00
S   1  1.00
    9.7363432000E-01    1.0000000000E+00
S   1  1.00
    4.2041019000E-01    1.0000000000E+00
S   1  1.00
    5.9440550000E-02    1.0000000000E+00
S   1  1.00
    2.2897810000E-02    1.0000000000E+00
P   5  1.00
    4.6631481262E+02    1.0860028273E-02
    1.0951217097E+02    7.4879134512E-02
    3.4375921830E+01    2.6902008259E-01
    1.2142096960E+01    4.9313989029E-01
    4.4336767700E+00    3.4618084066E-01
P   1  1.00
    2.0971291900E+00    1.0000000000E+00
P   1  1.00
    8.0977607000E-01    1.0000000000E+00
P   1  1.00
    3.0834047000E-01    1.0000000000E+00
D   4  1.00
    1.9240334930E+01    3.4953259854E-02
    5.1178995900E+00    1.7792851571E-01
    1.6554278800E+00    4.3558369503E-01
    5.4016356000E-01    5.8432142935E-01
D   1  1.00
    1.6211215000E-01    1.0000000000E+00
P   1  1.00
    8.9748000000E-02    1.0000000000E+00
****
-Ti 0
S   6  1.00
    4.2961512185E+04    3.9796185824E-03
    6.4509759169E+03    1.8017114983E-02
    1.4677210915E+03    7.5837106175E-02
    4.1420997355E+02    2.4526303168E-01
    1.3448715840E+02    4.6164993200E-01
    4.6122209800E+01    3.4880791927E-01
S   1  1.00
    8.9447762540E+01    1.0000000000E+00
S   1  1.00
    1.0223346060E+01    1.0000000000E+00
S   1  1.00
    4.1353774300E+00    1.0000000000E+00
S   1  1.00
    6.7896181500E+00    1.0000000000E+00
S   1  1.00
    1.1106730700E+00    1.0000000000E+00
S   1  1.00
    4.7565976000E-01    1.0000000000E+00
S   1  1.00
    6.5986960000E-02    1.0000000000E+00
S   1  1.00
    2.5210340000E-02    1.0000000000E+00
P   5  1.00
    5.2203684782E+02    1.0781556448E-02
    1.2268649489E+02    7.4111619935E-02
    3.8572903610E+01    2.6791858305E-01
    1.3672169320E+01    4.9445632306E-01
    5.0118529400E+00    3.4512101490E-01
P   1  1.00
    2.4131928300E+00    1.0000000000E+00
P   1  1.00
    9.3252270000E-01    1.0000000000E+00
P   1  1.00
    3.5429058000E-01    1.0000000000E+00
D   4  1.00
    2.3465125960E+01    3.4257259366E-02
    6.3332593800E+00    1.7809827057E-01
    2.0766489900E+00    4.3835351767E-01
    6.9027362000E-01    5.7700187830E-01
D   1  1.00
    2.1088739000E-01    1.0000000000E+00
P   1  1.00
    1.0156100000E-01    1.0000000000E+00
****
-V 0
S   6  1.00
    4.7160376060E+04    4.1232303608E-03
    7.0814110871E+03    1.8303587897E-02
    1.6111621223E+03    7.6133441837E-02
    4.5472940551E+02    2.4528927458E-01
    1.4771321208E+02    4.6152676422E-01
    5.0699538950E+01    3.4852710446E-01
S   1  1.00
    9.8262492670E+01    1.0000000000E+00
S   1  1.00
    1.1294293100E+01    1.0000000000E+00
S   1  1.00
    4.5853360100E+00    1.0000000000E+00
S   1  1.00
    7.6359689600E+00    1.0000000000E+00
S   1  1.00
    1.2539836700E+00    1.0000000000E+00
S   1  1.00
    5.3271935000E-01    1.0000000000E+00
S   1  1.00
    7.2246240000E-02    1.0000000000E+00
S   1  1.00
    2.7358090000E-02    1.0000000000E+00
P   5  1.00
    5.8055044988E+02    1.0735347884E-02
    1.3652341127E+02    7.3517357284E-02
    4.2983958820E+01    2.6708192316E-01
    1.5282798760E+01    4.9551374265E-01
    5.6202495200E+00    3.4416111163E-01
P   1  1.00
    2.7485386400E+00    1.0000000000E+00
P   1  1.00
    1.0618550100E+00    1.0000000000E+00
P   1  1.00
    4.0235519000E-01    1.0000000000E+00
D   4  1.00
    2.7358434020E+01    3.4337984216E-02
    7.4540604300E+00    1.8058958990E-01
    2.4633917800E+00    4.4192885965E-01
    8.2480925000E-01    5.6969260030E-01
D   1  1.00
    2.5257905000E-01    1.0000000000E+00
P   1  1.00
    1.1124800000E-01    1.0000000000E+00
****
-Cr 0
S   6  1.00
    5.1528086349E+04    4.2951050280E-03
    7.7372103487E+03    1.8691669224E-02
    1.7603748470E+03    7.6826913472E-02
    4.9687706544E+02    2.4816126692E-01
    1.6146520598E+02    4.6881103835E-01
    5.5466352270E+01    3.3669201653E-01
S   1  1.00
    1.0754732999E+02    1.0000000000E+00
S   1  1.00
    1.2408671900E+01    1.0000000000E+00
S   1  1.00
    5.0423628800E+00    1.0000000000E+00
S   1  1.00
    8.5461640200E+00    1.0000000000E+00
S   1  1.00
    1.3900441200E+00    1.0000000000E+00
S   1  1.00
    5.6066603000E-01    1.0000000000E+00
S   1  1.00
    7.1483710000E-02    1.0000000000E+00
S   1  1.00
    2.8250690000E-02    1.0000000000E+00
P   5  1.00
    6.4048536096E+02    1.0606171489E-02
    1.5069711194E+02    7.1947336323E-02
    4.7503755300E+01    2.6599104446E-01
    1.6934120170E+01    5.0918676996E-01
    6.2409680600E+00    3.2901586028E-01
P   1  1.00
    3.0885463200E+00    1.0000000000E+00
P   1  1.00
    1.1791047800E+00    1.0000000000E+00
P   1  1.00
    4.3369774000E-01    1.0000000000E+00
D   4  1.00
    2.7559479430E+01    3.7505232308E-02
    7.4687020300E+00    1.9046980856E-01
    2.4345903600E+00    4.5185712879E-01
    7.8244755000E-01    5.6086691160E-01
D   1  1.00
    2.1995774000E-01    1.0000000000E+00
P   1  1.00
    1.2067500000E-01    1.0000000000E+00
****
-Mn 0
S   6  1.00
    5.6137009037E+04    4.4441902835E-03
    8.4292063943E+03    1.8996984977E-02
    1.9178277233E+03    7.7158739652E-02
    5.4136230198E+02    2.4803124467E-01
    1.7600069142E+02    4.6816978179E-01
    6.0500477010E+01    3.3714290019E-01
S   1  1.00
    1.1717282882E+02    1.0000000000E+00
S   1  1.00
    1.3596973370E+01    1.0000000000E+00
S   1  1.00
    5.5483996300E+00    1.0000000000E+00
S   1  1.00
    9.4662853500E+00    1.0000000000E+00
S   1  1.00
    1.5595006100E+00    1.0000000000E+00
S   1  1.00
    6.5230206000E-01    1.0000000000E+00
S   1  1.00
    8.4003730000E-02    1.0000000000E+00
S   1  1.00
    3.1256100000E-02    1.0000000000E+00
P   5  1.00
    7.0600497535E+02    1.0587128604E-02
    1.6619728820E+02    7.1513905437E-02
    5.2452061910E+01    2.6514543757E-01
    1.8746932860E+01    5.0895050216E-01
    6.9282991600E+00    3.2966581162E-01
P   1  1.00
    3.4772204900E+00    1.0000000000E+00
P   1  1.00
    1.3406906400E+00    1.0000000000E+00
P   1  1.00
    5.0498803000E-01    1.0000000000E+00
D   4  1.00
    3.5423264930E+01    3.2506515590E-02
    9.7814221500E+00    1.7206606152E-01
    3.2673488800E+00    4.3617066785E-01
    1.1026472200E+00    5.7908606972E-01
D   1  1.00
    3.3743206000E-01    1.0000000000E+00
P   1  1.00
    1.2765000000E-01    1.0000000000E+00
****
-Fe 0
S   6  1.00
    6.0923640643E+04    4.5980777804E-03
    9.1478893982E+03    1.9322008366E-02
    2.0813505927E+03    7.7553198278E-02
    5.8755977067E+02    2.4802081864E-01
    1.9109043990E+02    4.6759867915E-01
    6.5732730110E+01    3.3735481246E-01
S   1  1.00
    1.2725891928E+02    1.0000000000E+00
S   1  1.00
    1.4830913010E+01    1.0000000000E+00
S   1  1.00
    6.0653307400E+00    1.0000000000E+00
S   1  1.00
    1.0449943710E+01    1.0000000000E+00
S   1  1.00
    1.7245228000E+00    1.0000000000E+00
S   1  1.00
    7.1772177000E-01    1.0000000000E+00
S   1  1.00
    9.1449830000E-02    1.0000000000E+00
S   1  1.00
    3.3706690000E-02    1.0000000000E+00
P   5  1.00
    7.7343750995E+02    1.0609905598E-02
    1.8215149714E+02    7.1319946559E-02
    5.7547272760E+01    2.6485139784E-01
    2.0614988940E+01    5.0907833145E-01
    7.6348557900E+00    3.2932268607E-01
P   1  1.00
    3.8719328000E+00    1.0000000000E+00
P   1  1.00
    1.4924724100E+00    1.0000000000E+00
P   1  1.00
    5.6061285000E-01    1.0000000000E+00
D   4  1.00
    3.8968133420E+01    3.3498732064E-02
    1.0800067080E+01    1.7713996819E-01
    3.6136458000E+00    4.4044502734E-01
    1.2129967900E+00    5.7205632530E-01
D   1  1.00
    3.6524393000E-01    1.0000000000E+00
P   1  1.00
    1.3491500000E-01    1.0000000000E+00
****
-Co 0
S   6  1.00
    6.5902208257E+04    4.7561814933E-03
    9.8953896027E+03    1.9662546260E-02
    2.2514305789E+03    7.7992360460E-02
    6.3561097084E+02    2.4808102928E-01
    2.0678820681E+02    4.6705387270E-01
    7.1179242970E+01    3.3743793143E-01
S   1  1.00
    1.3777268040E+02    1.0000000000E+00
S   1  1.00
    1.6118079240E+01    1.0000000000E+00
S   1  1.00
    6.6030327700E+00    1.0000000000E+00
S   1  1.00
    1.1479915790E+01    1.0000000000E+00
S   1  1.00
    1.8956426300E+00    1.0000000000E+00
S   1  1.00
    7.8466232000E-01    1.0000000000E+00
S   1  1.00
    9.8425770000E-02    1.0000000000E+00
S   1  1.00
    3.5945740000E-02    1.0000000000E+00
P   5  1.00
    8.4364358575E+02    1.0649892669E-02
    1.9876386994E+02    7.1205689747E-02
    6.2854963100E+01    2.6471243668E-01
    2.2562842280E+01    5.0920701101E-01
    8.3713209100E+00    3.2885020297E-01
P   1  1.00
    4.2858719800E+00    1.0000000000E+00
P   1  1.00
    1.6508041800E+00    1.0000000000E+00
P   1  1.00
    6.1834231000E-01    1.0000000000E+00
D   4  1.00
    4.2927867610E+01    3.4126958401E-02
    1.1942533050E+01    1.8056589990E-01
    4.0046495700E+00    4.4329390415E-01
    1.3413193800E+00    5.6694338152E-01
D   1  1.00
    4.0015010000E-01    1.0000000000E+00
P   1  1.00
    1.4130800000E-01    1.0000000000E+00
****
-Ni 0
S   6  1.00
    7.1074803211E+04    4.9184150070E-03
    1.0672020941E+04    2.0017397517E-02
    2.4281389007E+03    7.8471532471E-02
    6.8553595148E+02    2.4820026632E-01
    2.2310072863E+02    4.6652801949E-01
    7.6842014040E+01    3.3741519265E-01
S   1  1.00
    1.4871122016E+02    1.0000000000E+00
S   1  1.00
    1.7459154990E+01    1.0000000000E+00
S   1  1.00
    7.1625280700E+00    1.0000000000E+00
S   1  1.00
    1.2556137130E+01    1.0000000000E+00
S   1  1.00
    2.0735740500E+00    1.0000000000E+00
S   1  1.00
    8.5382641000E-01    1.0000000000E+00
S   1  1.00
    1.0536766000E-01    1.0000000000E+00
S   1  1.00
    3.8134090000E-02    1.0000000000E+00
P   5  1.00
    9.1673608662E+02    1.0703017118E-02
    2.1606139913E+02    7.1146734975E-02
    6.8383914820E+01    2.6466759764E-01
    2.4593843950E+01    5.0931597197E-01
    9.1392960200E+00    3.2832916275E-01
P   1  1.00
    4.7193371700E+00    1.0000000000E+00
P   1  1.00
    1.8161849200E+00    1.0000000000E+00
P   1  1.00
    6.7840751000E-01    1.0000000000E+00
D   4  1.00
    4.7093832110E+01    3.4640135315E-02
    1.3146463970E+01    1.8337368309E-01
    4.4170548900E+00    4.4556210302E-01
    1.4771565100E+00    5.6272360405E-01
D   1  1.00
    4.3735922000E-01    1.0000000000E+00
P   1  1.00
    1.4658800000E-01    1.0000000000E+00
****
-Cu 0
S   6  1.00
    7.6381348056E+04    5.0873186866E-03
    1.1468777499E+04    2.0398358089E-02
    2.6094246495E+03    7.9040453903E-02
    7.3675033098E+02    2.4851272746E-01
    2.3982419958E+02    4.6610774917E-01
    8.2656829250E+01    3.3701661785E-01
S   1  1.00
    1.6013544196E+02    1.0000000000E+00
S   1  1.00
    1.8834177700E+01    1.0000000000E+00
S   1  1.00
    7.7176595700E+00    1.0000000000E+00
S   1  1.00
    1.3710846720E+01    1.0000000000E+00
S   1  1.00
    2.2349895700E+00    1.0000000000E+00
S   1  1.00
    8.7818360000E-01    1.0000000000E+00
S   1  1.00
    8.7187460000E-02    1.0000000000E+00
S   1  1.00
    3.2969110000E-02    1.0000000000E+00
P   5  1.00
    9.9124075782E+02    1.0792341155E-02
    2.3369376116E+02    7.1294753924E-02
    7.4020930930E+01    2.6512578379E-01
    2.6664967450E+01    5.0976744081E-01
    9.9192087500E+00    3.2687944675E-01
P   1  1.00
    5.1519553900E+00    1.0000000000E+00
P   1  1.00
    1.9638205800E+00    1.0000000000E+00
P   1  1.00
    7.1560097000E-01    1.0000000000E+00
D   4  1.00
    4.7335049590E+01    3.8807084393E-02
    1.3161666080E+01    1.9988027113E-01
    4.3693777200E+00    4.5718485549E-01
    1.4132925100E+00    5.4557630948E-01
D   1  1.00
    3.8878001000E-01    1.0000000000E+00
P   1  1.00
    1.5506500000E-01    1.0000000000E+00
****
-Zn 0
S   6  1.00
    8.2000711629E+04    5.2554929198E-03
    1.2312471777E+04    2.0768300091E-02
    2.8013944193E+03    7.9543542005E-02
    7.9099424302E+02    2.4860148054E-01
    2.5756551079E+02    4.6552150220E-01
    8.8814933400E+01    3.3708154113E-01
S   1  1.00
    1.7186353716E+02    1.0000000000E+00
S   1  1.00
    2.0302534780E+01    1.0000000000E+00
S   1  1.00
    8.3464123100E+00    1.0000000000E+00
S   1  1.00
    1.4847536940E+01    1.0000000000E+00
S   1  1.00
    2.4495029500E+00    1.0000000000E+00
S   1  1.00
    9.9845822000E-01    1.0000000000E+00
S   1  1.00
    1.1891308000E-01    1.0000000000E+00
S   1  1.00
    4.2297430000E-02    1.0000000000E+00
P   5  1.00
    1.0715185372E+03    1.0844613047E-02
    2.5269712152E+02    7.1173046762E-02
    8.0100829130E+01    2.6482090017E-01
    2.8903393170E+01    5.0948710304E-01
    1.0768899880E+01    3.2714984152E-01
P   1  1.00
    5.6446212500E+00    1.0000000000E+00
P   1  1.00
    2.1678291300E+00    1.0000000000E+00
P   1  1.00
    8.0540898000E-01    1.0000000000E+00
D   4  1.00
    5.6088939190E+01    3.5392283005E-02
    1.5751908920E+01    1.8756623523E-01
    5.3115812400E+00    4.4882827421E-01
    1.7737904900E+00    5.5625657267E-01
D   1  1.00
    5.1975584000E-01    1.0000000000E+00
P   1  1.00
    1.6245500000E-01    1.0000000000E+00
****
-Ga 0
S   6  1.00
    8.7842126296E+04    5.4268356880E-03
    1.3189496402E+04    2.1146576961E-02
    3.0009482141E+03    8.0063196980E-02
    8.4738425966E+02    2.4868875349E-01
    2.7600980642E+02    4.6492261817E-01
    9.5216672070E+01    3.3715497301E-01
S   1  1.00
    1.8400703968E+02    1.0000000000E+00
S   1  1.00
    2.1827051430E+01    1.0000000000E+00
S   1  1.00
    9.0026963800E+00    1.0000000000E+00
S   1  1.00
    1.6033176940E+01    1.0000000000E+00
S   1  1.00
    2.6707724900E+00    1.0000000000E+00
S   1  1.00
    1.1252834200E+00    1.0000000000E+00
S   1  1.00
    1.5967609000E-01    1.0000000000E+00
S   1  1.00
    5.7643040000E-02    1.0000000000E+00
P   5  1.00
    1.1672665844E+03    1.0734771770E-02
    2.7538062789E+02    6.9975425860E-02
    8.7375073070E+01    2.6151951588E-01
    3.1597254670E+01    5.0678587042E-01
    1.1824122800E+01    3.3347430688E-01
P   1  1.00
    6.2881845100E+00    1.0000000000E+00
P   1  1.00
    2.5199853200E+00    1.0000000000E+00
P   1  1.00
    1.0169726300E+00    1.0000000000E+00
P   1  1.00
    2.4748374000E-01    1.0000000000E+00
P   1  1.00
    6.6685290000E-02    1.0000000000E+00
D   4  1.00
    6.5354237670E+01    3.2834632624E-02
    1.8504656750E+01    1.7852518495E-01
    6.3179620600E+00    4.4295306184E-01
    2.1641389400E+00    5.6324881829E-01
D   1  1.00
    6.6693093000E-01    1.0000000000E+00
D   1  1.00
    2.0700000000E-01    1.0000000000E+00
****
-Ge 0
S   6  1.00
    9.3889836642E+04    5.6023551119E-03
    1.4097497528E+04    2.1537249060E-02
    3.2075477309E+03    8.0616505238E-02
    9.0576727269E+02    2.4882122156E-01
    2.9511014693E+02    4.6432835200E-01
    1.0184713141E+02    3.3715562304E-01
S   1  1.00
    1.9656719662E+02    1.0000000000E+00
S   1  1.00
    2.3405292520E+01    1.0000000000E+00
S   1  1.00
    9.6839116700E+00    1.0000000000E+00
S   1  1.00
    1.7269736540E+01    1.0000000000E+00
S   1  1.00
    2.8964622200E+00    1.0000000000E+00
S   1  1.00
    1.2553621400E+00    1.0000000000E+00
S   1  1.00
    2.0213081000E-01    1.0000000000E+00
S   1  1.00
    7.3867910000E-02    1.0000000000E+00
P   5  1.00
    1.2592085995E+03    1.0748816685E-02
    2.9715626382E+02    6.9570544768E-02
    9.4353387520E+01    2.6027623566E-01
    3.4176329680E+01    5.0594308159E-01
    1.2816139620E+01    3.3543431210E-01
P   1  1.00
    6.8471029800E+00    1.0000000000E+00
P   1  1.00
    2.7717363900E+00    1.0000000000E+00
P   1  1.00
    1.1458418200E+00    1.0000000000E+00
P   1  1.00
    3.0679632000E-01    1.0000000000E+00
P   1  1.00
    8.9283640000E-02    1.0000000000E+00
D   4  1.00
    7.4782168180E+01    3.0966352179E-02
    2.1310849760E+01    1.7183946671E-01
    7.3464792400E+00    4.3842127258E-01
    2.5656271400E+00    5.6841064401E-01
D   1  1.00
    8.1981773000E-01    1.0000000000E+00
D   1  1.00
    2.4600000000E-01    1.0000000000E+00
****
-As 0
S   6  1.00
    1.0014652550E+05    5.7820492772E-03
    1.5036861710E+04    2.1939678510E-02
    3.4212902830E+03    8.1200528915E-02
    9.6616965720E+02    2.4899316049E-01
    3.1487394030E+02    4.6373743905E-01
    1.0870823790E+02    3.3709297076E-01
S   1  1.00
    2.0954238950E+02    1.0000000000E+00
S   1  1.00
    2.5038221140E+01    1.0000000000E+00
S   1  1.00
    1.0390964340E+01    1.0000000000E+00
S   1  1.00
    1.8555090090E+01    1.0000000000E+00
S   1  1.00
    3.1281217450E+00    1.0000000000E+00
S   1  1.00
    1.3884885070E+00    1.0000000000E+00
S   1  1.00
    2.4714362100E-01    1.0000000000E+00
S   1  1.00
    9.1429429000E-02    1.0000000000E+00
P   5  1.00
    1.3556443510E+03    1.0764639212E-02
    3.1999929270E+02    6.9159811667E-02
    1.0167734090E+02    2.5895937997E-01
    3.6886323840E+01    5.0508672492E-01
    1.3861115910E+01    3.3749323236E-01
P   1  1.00
    7.4260666910E+00    1.0000000000E+00
P   1  1.00
    3.0316247190E+00    1.0000000000E+00
P   1  1.00
    1.2783078340E+00    1.0000000000E+00
P   1  1.00
    3.7568503400E-01    1.0000000000E+00
P   1  1.00
    1.1394805500E-01    1.0000000000E+00
D   4  1.00
    8.4445514540E+01    2.9534250198E-02
    2.4190416100E+01    1.6667486763E-01
    8.4045015120E+00    4.3483001995E-01
    2.9808970750E+00    5.7233861169E-01
D   1  1.00
    9.7909243400E-01    1.0000000000E+00
D   1  1.00
    2.9300000000E-01    1.0000000000E+00
****
-Se 0
S   6  1.00
    1.0661220030E+05    5.9660500804E-03
    1.6007604700E+04    2.2353898885E-02
    3.6421699710E+03    8.1815412247E-02
    1.0285912990E+03    2.4920430104E-01
    3.3530298890E+02    4.6314730979E-01
    1.1580129150E+02    3.3696838391E-01
S   1  1.00
    2.2293325020E+02    1.0000000000E+00
S   1  1.00
    2.6726257930E+01    1.0000000000E+00
S   1  1.00
    1.1124501920E+01    1.0000000000E+00
S   1  1.00
    1.9888520060E+01    1.0000000000E+00
S   1  1.00
    3.3668473800E+00    1.0000000000E+00
S   1  1.00
    1.5249277840E+00    1.0000000000E+00
S   1  1.00
    2.9630037900E-01    1.0000000000E+00
S   1  1.00
    1.1009289000E-01    1.0000000000E+00
P   5  1.00
    1.4559068120E+03    1.0790982104E-02
    3.4375101830E+02    6.8799392743E-02
    1.0929554960E+02    2.5773084904E-01
    3.9707711020E+01    5.0432521957E-01
    1.4950185230E+01    3.3934970097E-01
P   1  1.00
    8.0208962090E+00    1.0000000000E+00
P   1  1.00
    3.2934649760E+00    1.0000000000E+00
P   1  1.00
    1.4058602440E+00    1.0000000000E+00
P   1  1.00
    4.5076123200E-01    1.0000000000E+00
P   1  1.00
    1.3353413300E-01    1.0000000000E+00
D   4  1.00
    9.4494024040E+01    2.8358627269E-02
    2.7188185260E+01    1.6238351504E-01
    9.5091567350E+00    4.3175525247E-01
    3.4170516850E+00    5.7562833753E-01
D   1  1.00
    1.1479590080E+00    1.0000000000E+00
D   1  1.00
    3.3800000000E-01    1.0000000000E+00
****
-Br 0
S   6  1.00
    1.1328638776E+05    6.1545088330E-03
    1.7009626303E+04    2.2779989837E-02
    3.8701842567E+03    8.2460395208E-02
    1.0930357227E+03    2.4945353822E-01
    3.5639721797E+02    4.6255881545E-01
    1.2312539643E+02    3.3678273672E-01
S   1  1.00
    2.3674084007E+02    1.0000000000E+00
S   1  1.00
    2.8468661070E+01    1.0000000000E+00
S   1  1.00
    1.1883443722E+01    1.0000000000E+00
S   1  1.00
    2.1269633312E+01    1.0000000000E+00
S   1  1.00
    3.6129226840E+00    1.0000000000E+00
S   1  1.00
    1.6626648970E+00    1.0000000000E+00
S   1  1.00
    3.4823793200E-01    1.0000000000E+00
S   1  1.00
    1.3019031400E-01    1.0000000000E+00
P   5  1.00
    1.5602801881E+03    1.0824569137E-02
    3.6847859205E+02    6.8468312404E-02
    1.1722978849E+02    2.5653809924E-01
    4.2648909248E+01    5.0360025030E-01
    1.6087225096E+01    3.4112757552E-01
P   1  1.00
    8.6352810060E+00    1.0000000000E+00
P   1  1.00
    3.5613665500E+00    1.0000000000E+00
P   1  1.00
    1.5292626610E+00    1.0000000000E+00
P   1  1.00
    5.3064294900E-01    1.0000000000E+00
P   1  1.00
    1.5702759000E-01    1.0000000000E+00
D   4  1.00
    1.0485518642E+02    2.7403593395E-02
    3.0281143688E+01    1.5887377703E-01
    1.0651394267E+01    4.2921269414E-01
    3.8699456230E+00    5.7825983253E-01
D   1  1.00
    1.3240876760E+00    1.0000000000E+00
D   1  1.00
    3.8900000000E-01    1.0000000000E+00
****
-Kr 0
S   6  1.00
    1.2016564880E+05    6.3476263299E-03
    1.8042500170E+04    2.3218313057E-02
    4.1051800390E+03    8.3138648271E-02
    1.1594447250E+03    2.4975055942E-01
    3.7813810350E+02    4.6197462849E-01
    1.3067610050E+02    3.3651949829E-01
S   1  1.00
    2.5096373350E+02    1.0000000000E+00
S   1  1.00
    3.0265930380E+01    1.0000000000E+00
S   1  1.00
    1.2668110760E+01    1.0000000000E+00
S   1  1.00
    2.2697940100E+01    1.0000000000E+00
S   1  1.00
    3.8673017400E+00    1.0000000000E+00
S   1  1.00
    1.8013706670E+00    1.0000000000E+00
S   1  1.00
    4.0308639100E-01    1.0000000000E+00
S   1  1.00
    1.5170527800E-01    1.0000000000E+00
P   5  1.00
    1.6685736620E+03    1.0867234257E-02
    3.9413862800E+02    6.8177326780E-02
    1.2546644850E+02    2.5541574824E-01
    4.5704992730E+01    5.0291870969E-01
    1.7270133230E+01    3.4278058307E-01
P   1  1.00
    9.2699487770E+00    1.0000000000E+00
P   1  1.00
    3.8364617720E+00    1.0000000000E+00
P   1  1.00
    1.6467163310E+00    1.0000000000E+00
P   1  1.00
    6.1479686500E-01    1.0000000000E+00
P   1  1.00
    1.8319467400E-01    1.0000000000E+00
D   4  1.00
    1.1555868600E+02    2.6609405707E-02
    3.3477985860E+01    1.5593143882E-01
    1.1834450210E+01    4.2706243970E-01
    4.3408254890E+00    5.8042138947E-01
D   1  1.00
    1.5079273160E+00    1.0000000000E+00
D   1  1.00
    4.4300000000E-01    1.0000000000E+00
****


