! Basis data obtained from ORCA (transformed using utility mkl2gjf in MOKIT)
! Basis name : ma-DKH-def2-TZVP(-f)
! Basis description : relativistically recontracted Karlsruhe basis sets; all-electron basis set for DKH calculations
!
!------------------------------------------------
! status : unpublished
! type : orbital
!------------------------------------------------
!
! Elements                             References
! --------                             ----------
! H-Kr                                 Please cite ORCA
-H 0
S   3  1.00
    3.4061341000E+01    2.5439316773E-02
    5.1235746000E+00    1.9008593412E-01
    1.1646626000E+00    8.5244113870E-01
S   1  1.00
    3.2723041000E-01    1.0000000000E+00
S   1  1.00
    1.0307241000E-01    1.0000000000E+00
P   1  1.00
    8.0000000000E-01    1.0000000000E+00
****
-He 0
S   3  1.00
    9.8078321620E+01    2.8883572139E-02
    1.4764404250E+01    2.0819000190E-01
    3.3185831500E+00    8.3747097172E-01
S   1  1.00
    8.7413870000E-01    1.0000000000E+00
S   1  1.00
    2.4459897000E-01    1.0000000000E+00
P   1  1.00
    1.0000000000E+00    1.0000000000E+00
S   1  1.00
    8.1532990000E-02    1.0000000000E+00
P   1  1.00
    3.3333333300E-01    1.0000000000E+00
****
-Li 0
S   6  1.00
    6.2692628010E+03    6.2511960925E-04
    9.4031612431E+02    4.1254845865E-03
    2.1422107528E+02    2.1077715286E-02
    6.0759840180E+01    8.5605024576E-02
    1.9915152030E+01    2.8030810017E-01
    7.3171509800E+00    6.9183561793E-01
S   1  1.00
    2.9724674200E+00    1.0000000000E+00
S   1  1.00
    1.2639852300E+00    1.0000000000E+00
S   1  1.00
    5.1427490000E-01    1.0000000000E+00
S   1  1.00
    7.7030890000E-02    1.0000000000E+00
S   1  1.00
    2.8938900000E-02    1.0000000000E+00
P   1  1.00
    4.0000000000E-01    1.0000000000E+00
P   1  1.00
    6.0000000000E-02    1.0000000000E+00
P   1  1.00
    3.3270000000E+00    1.0000000000E+00
S   1  1.00
    9.6463000000E-03    1.0000000000E+00
P   1  1.00
    1.1090000000E+00    1.0000000000E+00
****
-Be 0
S   6  1.00
    4.7002365626E+03    8.1086367398E-04
    7.0482845622E+02    5.5017640037E-03
    1.6043110478E+02    2.7951123414E-02
    4.5425347340E+01    1.0894271009E-01
    1.4798334120E+01    3.2165236449E-01
    5.3512452500E+00    6.3381310674E-01
S   1  1.00
    2.1542044800E+00    1.0000000000E+00
S   1  1.00
    9.3363744000E-01    1.0000000000E+00
S   1  1.00
    1.8791433000E-01    1.0000000000E+00
S   1  1.00
    7.4648268000E-01    1.0000000000E+00
P   1  1.00
    3.6316917150E+00    1.0000000000E+00
P   2  1.00
    7.1695694400E-01   -2.6735259513E-01
    1.9541932900E-01   -8.1425266512E-01
P   1  1.00
    6.0515466000E-02    1.0000000000E+00
D   1  1.00
    1.8000000000E-01    1.0000000000E+00
S   1  1.00
    2.4882756000E-01    1.0000000000E+00
P   1  1.00
    2.0171822000E-02    1.0000000000E+00
****
-B 0
S   6  1.00
    8.5648660687E+03    8.1824260535E-04
    1.2841516263E+03    5.1619137168E-03
    2.9227871604E+02    2.5922036853E-02
    8.2775469180E+01    1.0223323059E-01
    2.7017939270E+01    3.0927931740E-01
    9.8149619700E+00    6.5118440980E-01
S   1  1.00
    3.9318559100E+00    1.0000000000E+00
S   1  1.00
    1.6595599700E+00    1.0000000000E+00
S   1  1.00
    3.5762965000E-01    1.0000000000E+00
S   1  1.00
    1.4246277000E-01    1.0000000000E+00
S   1  1.00
    6.0560590000E-02    1.0000000000E+00
P   4  1.00
    2.2453875800E+01    1.1226773459E-02
    5.1045058300E+00    7.3093203179E-02
    1.4986081300E+00    2.9272330004E-01
    5.0927831000E-01    7.3894112772E-01
P   1  1.00
    1.8147078000E-01    1.0000000000E+00
S   1  1.00
    6.4621890000E-02    1.0000000000E+00
D   1  1.00
    6.6100000000E-01    1.0000000000E+00
D   1  1.00
    1.9900000000E-01    1.0000000000E+00
S   1  1.00
    2.1540630000E-02    1.0000000000E+00
P   1  1.00
    6.0490260000E-02    1.0000000000E+00
****
-C 0
S   6  1.00
    1.3575349682E+04    8.5733343545E-04
    2.0352333680E+03    5.0294038847E-03
    4.6322562359E+02    2.4877974216E-02
    1.3120019598E+02    9.8370407258E-02
    4.2853015890E+01    3.0243675211E-01
    1.5584185770E+01    6.6091543273E-01
S   1  1.00
    6.2067138500E+00    1.0000000000E+00
S   1  1.00
    2.5764896500E+00    1.0000000000E+00
S   1  1.00
    5.7696339000E-01    1.0000000000E+00
S   1  1.00
    2.2972831000E-01    1.0000000000E+00
S   1  1.00
    9.5164440000E-02    1.0000000000E+00
P   4  1.00
    3.4697232240E+01    1.1388090465E-02
    7.9582622800E+00    7.6265765960E-02
    2.3780826900E+00    3.0188575247E-01
    8.1433208000E-01    7.2782826701E-01
P   1  1.00
    2.8887547000E-01    1.0000000000E+00
P   1  1.00
    1.0056824000E-01    1.0000000000E+00
D   1  1.00
    1.0970000000E+00    1.0000000000E+00
D   1  1.00
    3.1800000000E-01    1.0000000000E+00
S   1  1.00
    3.1721480000E-02    1.0000000000E+00
P   1  1.00
    3.3522747000E-02    1.0000000000E+00
****
-N 0
S   6  1.00
    1.9730800647E+04    9.1140075596E-04
    2.9578958745E+03    5.0013970835E-03
    6.7322133595E+02    2.4273001762E-02
    1.9068249494E+02    9.5900309831E-02
    6.2295441900E+01    2.9778716934E-01
    2.2654161180E+01    6.6740504394E-01
S   1  1.00
    8.9791477400E+00    1.0000000000E+00
S   1  1.00
    3.6863002400E+00    1.0000000000E+00
S   1  1.00
    8.4660077000E-01    1.0000000000E+00
S   1  1.00
    3.3647134000E-01    1.0000000000E+00
S   1  1.00
    1.3647654000E-01    1.0000000000E+00
P   4  1.00
    4.9200380510E+01    1.1540042842E-02
    1.1346790540E+01    7.8555435896E-02
    3.4273972400E+00    3.0820577274E-01
    1.1785525100E+00    7.2017012962E-01
P   1  1.00
    4.1642205000E-01    1.0000000000E+00
P   1  1.00
    1.4260826000E-01    1.0000000000E+00
D   1  1.00
    1.6540000000E+00    1.0000000000E+00
D   1  1.00
    4.6900000000E-01    1.0000000000E+00
S   1  1.00
    4.5492180000E-02    1.0000000000E+00
P   1  1.00
    4.7536087000E-02    1.0000000000E+00
****
-O 0
S   6  1.00
    2.7032382631E+04    9.7469232031E-04
    4.0523871392E+03    5.0399649156E-03
    9.2232722710E+02    2.3932554677E-02
    2.6124070989E+02    9.4263162974E-02
    8.5354641350E+01    2.9450005224E-01
    3.1035035240E+01    6.7187158986E-01
S   1  1.00
    1.2260860730E+01    1.0000000000E+00
S   1  1.00
    4.9987076000E+00    1.0000000000E+00
S   1  1.00
    1.1703108200E+00    1.0000000000E+00
S   1  1.00
    4.6474741000E-01    1.0000000000E+00
S   1  1.00
    1.8504536000E-01    1.0000000000E+00
P   4  1.00
    6.3274954800E+01    1.2146614982E-02
    1.4627049380E+01    8.3199153131E-02
    4.4501223500E+00    3.2001012652E-01
    1.5275799600E+00    7.0695213456E-01
P   1  1.00
    5.2935118000E-01    1.0000000000E+00
P   1  1.00
    1.7478421000E-01    1.0000000000E+00
D   1  1.00
    2.3140000000E+00    1.0000000000E+00
D   1  1.00
    6.4500000000E-01    1.0000000000E+00
S   1  1.00
    6.1681787000E-02    1.0000000000E+00
P   1  1.00
    5.8261403000E-02    1.0000000000E+00
****
-F 0
S   6  1.00
    3.5479100441E+04    1.0436864888E-03
    5.3184728983E+03    5.1220088441E-03
    1.2104810975E+03    2.3757172126E-02
    3.4285518140E+02    9.3120465387E-02
    1.1201943181E+02    2.9203510743E-01
    4.0714740250E+01    6.7513946824E-01
S   1  1.00
    1.6039678110E+01    1.0000000000E+00
S   1  1.00
    6.5038186700E+00    1.0000000000E+00
S   1  1.00
    1.5440477500E+00    1.0000000000E+00
S   1  1.00
    6.1223453000E-01    1.0000000000E+00
S   1  1.00
    2.4027980000E-01    1.0000000000E+00
P   4  1.00
    8.0233900480E+01    1.2491073598E-02
    1.8594010740E+01    8.5968655782E-02
    5.6867902700E+00    3.2645645034E-01
    1.9511006300E+00    6.9943673454E-01
P   1  1.00
    6.6970211000E-01    1.0000000000E+00
P   1  1.00
    2.1651300000E-01    1.0000000000E+00
D   1  1.00
    3.1070000000E+00    1.0000000000E+00
D   1  1.00
    8.5500000000E-01    1.0000000000E+00
S   1  1.00
    8.0093267000E-02    1.0000000000E+00
P   1  1.00
    7.2171000000E-02    1.0000000000E+00
****
-Ne 0
S   6  1.00
    4.5069464022E+04    1.1168404076E-03
    6.7559768656E+03    5.2359543948E-03
    1.5376502864E+03    2.3701406740E-02
    4.3551697667E+02    9.2319264024E-02
    1.4228655638E+02    2.9014261286E-01
    5.1692153800E+01    6.7756787062E-01
S   1  1.00
    2.0315870490E+01    1.0000000000E+00
S   1  1.00
    8.2021942600E+00    1.0000000000E+00
S   1  1.00
    1.9681276300E+00    1.0000000000E+00
S   1  1.00
    7.7904756000E-01    1.0000000000E+00
S   1  1.00
    3.0229502000E-01    1.0000000000E+00
P   4  1.00
    9.9782996030E+01    1.2710912280E-02
    2.3176124100E+01    8.7767104203E-02
    7.1163945900E+00    3.3041704651E-01
    2.4418711400E+00    6.9465831885E-01
P   1  1.00
    8.3389606000E-01    1.0000000000E+00
P   1  1.00
    2.6607311000E-01    1.0000000000E+00
D   1  1.00
    4.0140000000E+00    1.0000000000E+00
D   1  1.00
    1.0960000000E+00    1.0000000000E+00
S   1  1.00
    1.0076500700E-01    1.0000000000E+00
P   1  1.00
    8.8691037000E-02    1.0000000000E+00
****
-Na 0
S   7  1.00
    2.6041109927E+04    1.0406001502E-03
    3.9061268548E+03    5.3660971683E-03
    8.8897454993E+02    2.5058498147E-02
    2.5145497961E+02    9.4755952382E-02
    8.1650143510E+01    2.6037384222E-01
    2.8904158400E+01    4.5216951443E-01
    1.0625782930E+01    3.1019956366E-01
S   1  1.00
    5.3769410180E+01    1.0000000000E+00
S   1  1.00
    1.6308243020E+01    1.0000000000E+00
S   1  1.00
    2.3730384100E+00    1.0000000000E+00
S   1  1.00
    9.5730773000E-01    1.0000000000E+00
S   1  1.00
    4.0806461000E-01    1.0000000000E+00
S   1  1.00
    4.9967580000E-02    1.0000000000E+00
P   5  1.00
    1.3807979989E+02    6.8870135285E-03
    3.2232700390E+01    4.8546807614E-02
    9.9816075400E+00    1.8914626327E-01
    3.4822033900E+00    4.1754427111E-01
    1.2299134600E+00    5.2005739178E-01
P   1  1.00
    4.1743959000E-01    1.0000000000E+00
P   1  1.00
    3.0000000000E-02    1.0000000000E+00
P   1  1.00
    9.1000000000E-02    1.0000000000E+00
D   1  1.00
    2.6090000000E+00    1.0000000000E+00
D   1  1.00
    4.3000000000E-01    1.0000000000E+00
D   1  1.00
    1.0000000000E-01    1.0000000000E+00
S   1  1.00
    1.6655860000E-02    1.0000000000E+00
P   1  1.00
    3.0333333000E-02    1.0000000000E+00
****
-Mg 0
S   7  1.00
    3.1438349555E+04    1.0913690977E-03
    4.7155153354E+03    5.4231298105E-03
    1.0731629247E+03    2.4921546368E-02
    3.0357238768E+02    9.3894585709E-02
    9.8626251040E+01    2.5840933624E-01
    3.4943808420E+01    4.5130030714E-01
    1.2859785200E+01    3.1371376898E-01
S   1  1.00
    6.4876913000E+01    1.0000000000E+00
S   1  1.00
    1.9725520780E+01    1.0000000000E+00
S   1  1.00
    2.8951804300E+00    1.0000000000E+00
S   1  1.00
    1.1960454700E+00    1.0000000000E+00
S   1  1.00
    5.4329451000E-01    1.0000000000E+00
S   1  1.00
    1.0099104000E-01    1.0000000000E+00
S   1  1.00
    3.6865730000E-02    1.0000000000E+00
P   5  1.00
    1.7987189612E+02    6.4122348414E-03
    4.2120069380E+01    4.5752734246E-02
    1.3120503030E+01    1.8219032419E-01
    4.6257503600E+00    4.1474867530E-01
    1.6695211000E+00    5.2547889930E-01
P   1  1.00
    5.8551012000E-01    1.0000000000E+00
P   1  1.00
    1.8914796200E-01    1.0000000000E+00
P   1  1.00
    5.3768755000E-02    1.0000000000E+00
D   1  1.00
    3.4440000000E+00    1.0000000000E+00
D   1  1.00
    2.9000000000E-01    1.0000000000E+00
D   1  1.00
    7.0000000000E-02    1.0000000000E+00
S   1  1.00
    1.2288577000E-02    1.0000000000E+00
P   1  1.00
    1.7922918000E-02    1.0000000000E+00
****
-Al 0
S   7  1.00
    3.7792550772E+04    1.1383156850E-03
    5.6680682165E+03    5.4567055310E-03
    1.2898582841E+03    2.4639349562E-02
    3.6486596028E+02    9.2530266630E-02
    1.1857631515E+02    2.5564594170E-01
    4.2024867600E+01    4.4972470151E-01
    1.5499501630E+01    3.1923408155E-01
S   1  1.00
    7.5208026600E+01    1.0000000000E+00
S   1  1.00
    2.3031408970E+01    1.0000000000E+00
S   1  1.00
    3.6348797600E+00    1.0000000000E+00
S   1  1.00
    1.6065050000E+00    1.0000000000E+00
S   1  1.00
    7.6103395000E-01    1.0000000000E+00
S   1  1.00
    1.6556709000E-01    1.0000000000E+00
S   1  1.00
    6.0041580000E-02    1.0000000000E+00
P   6  1.00
    4.5252303192E+02    1.9397468789E-03
    1.0708195049E+02    1.4771521128E-02
    3.4131021250E+01    6.8617154802E-02
    1.2587037430E+01    2.1050460242E-01
    4.9811919700E+00    4.0712746212E-01
    2.0070350900E+00    4.6986664396E-01
P   1  1.00
    8.0083714000E-01    1.0000000000E+00
P   1  1.00
    2.0178927000E-01    1.0000000000E+00
D   2  1.00
    1.5700000000E+00    1.8310796469E-01
    3.3300000000E-01    9.1553982322E-01
D   1  1.00
    1.1100000000E-01    1.0000000000E+00
S   1  1.00
    2.0013860000E-02    1.0000000000E+00
P   1  1.00
    6.7263090000E-02    1.0000000000E+00
****
-Si 0
S   7  1.00
    4.4773358078E+04    1.1883069275E-03
    6.7171992104E+03    5.5088639936E-03
    1.5288960325E+03    2.4424330021E-02
    4.3254746585E+02    9.1328777245E-02
    1.4061505226E+02    2.5315134959E-01
    4.9857636720E+01    4.4821765246E-01
    1.8434974890E+01    3.2418179326E-01
S   1  1.00
    8.6533886110E+01    1.0000000000E+00
S   1  1.00
    2.6624606850E+01    1.0000000000E+00
S   1  1.00
    4.4953057200E+00    1.0000000000E+00
S   1  1.00
    2.1035045700E+00    1.0000000000E+00
S   1  1.00
    1.0106094900E+00    1.0000000000E+00
S   1  1.00
    2.3701751000E-01    1.0000000000E+00
S   1  1.00
    8.5703410000E-02    1.0000000000E+00
P   6  1.00
    3.9447503628E+02    2.9608620653E-03
    9.3137683100E+01    2.2061668113E-02
    2.9519608740E+01    9.7739868228E-02
    1.0781663790E+01    2.6997857758E-01
    4.1626574800E+00    4.4352801184E-01
    1.6247973000E+00    3.6201099576E-01
P   1  1.00
    5.4306660000E-01    1.0000000000E+00
P   1  1.00
    2.0582074000E-01    1.0000000000E+00
P   1  1.00
    7.0053490000E-02    1.0000000000E+00
D   2  1.00
    2.3030000000E+00    1.8345126351E-01
    4.7600000000E-01    9.1725631781E-01
D   1  1.00
    1.6000000000E-01    1.0000000000E+00
S   1  1.00
    2.8567803000E-02    1.0000000000E+00
P   1  1.00
    2.3351163000E-02    1.0000000000E+00
****
-P 0
S   7  1.00
    5.2426999233E+04    1.2393055170E-03
    7.8632660552E+03    5.5748537510E-03
    1.7895227333E+03    2.4270556681E-02
    5.0627300165E+02    9.0291617574E-02
    1.6460698546E+02    2.5093464666E-01
    5.8391918720E+01    4.4686257628E-01
    2.1643663200E+01    3.2851596375E-01
S   1  1.00
    9.9013837620E+01    1.0000000000E+00
S   1  1.00
    3.0550439820E+01    1.0000000000E+00
S   1  1.00
    5.4537087700E+00    1.0000000000E+00
S   1  1.00
    2.6503362600E+00    1.0000000000E+00
S   1  1.00
    1.2726688900E+00    1.0000000000E+00
S   1  1.00
    3.1645005000E-01    1.0000000000E+00
S   1  1.00
    1.1417467000E-01    1.0000000000E+00
P   6  1.00
    4.7227219248E+02    2.9037683402E-03
    1.1158882756E+02    2.1599437920E-02
    3.5445936420E+01    9.6388261943E-02
    1.2990776880E+01    2.6923096669E-01
    5.0486221700E+00    4.4640194188E-01
    1.9934049600E+00    3.5786467309E-01
P   1  1.00
    6.6527284000E-01    1.0000000000E+00
P   1  1.00
    2.5516832000E-01    1.0000000000E+00
P   1  1.00
    9.0357760000E-02    1.0000000000E+00
D   2  1.00
    3.1200000000E+00    1.8338718208E-01
    6.4800000000E-01    9.1693591016E-01
D   1  1.00
    2.1800000000E-01    1.0000000000E+00
S   1  1.00
    3.8058223000E-02    1.0000000000E+00
P   1  1.00
    3.0119253000E-02    1.0000000000E+00
****
-S 0
S   7  1.00
    6.0700928104E+04    1.2922585502E-03
    9.1026106854E+03    5.6544460598E-03
    2.0714166009E+03    2.4172357377E-02
    5.8602476821E+02    8.9396934319E-02
    1.9055395021E+02    2.4894491338E-01
    6.7630384260E+01    4.4560317180E-01
    2.5127306910E+01    3.3237508510E-01
S   1  1.00
    1.1257463010E+02    1.0000000000E+00
S   1  1.00
    3.4795554220E+01    1.0000000000E+00
S   1  1.00
    6.5115556200E+00    1.0000000000E+00
S   1  1.00
    3.2399032300E+00    1.0000000000E+00
S   1  1.00
    1.5477160900E+00    1.0000000000E+00
S   1  1.00
    4.0541030000E-01    1.0000000000E+00
S   1  1.00
    1.4550651000E-01    1.0000000000E+00
P   6  1.00
    5.6436716027E+02    2.8103505674E-03
    1.3342624379E+02    2.0850346204E-02
    4.2468271190E+01    9.3820548442E-02
    1.5616527580E+01    2.6583285676E-01
    6.1093988500E+00    4.4757798491E-01
    2.4404160200E+00    3.5922953308E-01
P   1  1.00
    8.3882201000E-01    1.0000000000E+00
P   1  1.00
    3.1288747000E-01    1.0000000000E+00
P   1  1.00
    1.0770109000E-01    1.0000000000E+00
D   2  1.00
    3.7560000000E+00    1.8285197459E-01
    8.1200000000E-01    9.1425987303E-01
D   1  1.00
    2.7300000000E-01    1.0000000000E+00
S   1  1.00
    4.8502170000E-02    1.0000000000E+00
P   1  1.00
    3.5900363000E-02    1.0000000000E+00
****
-Cl 0
S   7  1.00
    6.9507990945E+04    1.3485041217E-03
    1.0426156880E+04    5.7504264233E-03
    2.3732334061E+03    2.4137629664E-02
    6.7156420071E+02    8.8659457502E-02
    2.1841999790E+02    2.4717791291E-01
    7.7572249710E+01    4.4437818891E-01
    2.8888815280E+01    3.3579931681E-01
S   1  1.00
    1.2710527185E+02    1.0000000000E+00
S   1  1.00
    3.9339582960E+01    1.0000000000E+00
S   1  1.00
    7.6740680000E+00    1.0000000000E+00
S   1  1.00
    3.8745627600E+00    1.0000000000E+00
S   1  1.00
    1.8385832600E+00    1.0000000000E+00
S   1  1.00
    5.0229058000E-01    1.0000000000E+00
S   1  1.00
    1.7962723000E-01    1.0000000000E+00
P   6  1.00
    6.6650423284E+02    2.7295032444E-03
    1.5764241690E+02    2.0163429882E-02
    5.0262520980E+01    9.1380457160E-02
    1.8536078110E+01    2.6227987861E-01
    7.2940532800E+00    4.4814461986E-01
    2.9433249000E+00    3.6165878072E-01
P   1  1.00
    1.0404970800E+00    1.0000000000E+00
P   1  1.00
    3.8456415000E-01    1.0000000000E+00
P   1  1.00
    1.3069643000E-01    1.0000000000E+00
D   2  1.00
    4.6100000000E+00    1.8265835044E-01
    1.0110000000E+00    9.1329175212E-01
D   1  1.00
    3.3900000000E-01    1.0000000000E+00
S   1  1.00
    5.9875743000E-02    1.0000000000E+00
P   1  1.00
    4.3565477000E-02    1.0000000000E+00
****
-Ar 0
S   7  1.00
    7.9111422998E+04    1.4039340884E-03
    1.1864746009E+04    5.8477434411E-03
    2.7001642973E+03    2.4117373169E-02
    7.6395943485E+02    8.7965648866E-02
    2.4845150561E+02    2.4550676155E-01
    8.8283581000E+01    4.4321477438E-01
    3.2948607070E+01    3.3905182841E-01
S   1  1.00
    1.4255358000E+02    1.0000000000E+00
S   1  1.00
    4.4163688010E+01    1.0000000000E+00
S   1  1.00
    8.9524995000E+00    1.0000000000E+00
S   1  1.00
    4.5546920900E+00    1.0000000000E+00
S   1  1.00
    2.1444079000E+00    1.0000000000E+00
S   1  1.00
    6.0708777000E-01    1.0000000000E+00
S   1  1.00
    2.1651432000E-01    1.0000000000E+00
P   6  1.00
    7.7677541998E+02    2.6705598543E-03
    1.8380107018E+02    1.9608966032E-02
    5.8694003170E+01    8.9346270800E-02
    2.1701591700E+01    2.5917681521E-01
    8.5821489600E+00    4.4860561319E-01
    3.4922679200E+00    3.6380525878E-01
P   1  1.00
    1.2637427000E+00    1.0000000000E+00
P   1  1.00
    4.6607870000E-01    1.0000000000E+00
P   1  1.00
    1.5766003000E-01    1.0000000000E+00
D   2  1.00
    5.5510000000E+00    1.8246270285E-01
    1.2350000000E+00    9.1231351423E-01
D   1  1.00
    4.1200000000E-01    1.0000000000E+00
S   1  1.00
    7.2171440000E-02    1.0000000000E+00
P   1  1.00
    5.2553343000E-02    1.0000000000E+00
****
-K 0
S   8  1.00
    1.5397618325E+05    1.1085154039E-03
    2.3082497672E+04    4.1794009983E-03
    5.2532344745E+03    1.5953416090E-02
    1.4869550133E+03    5.6951753832E-02
    4.8406333726E+02    1.7538570053E-01
    1.7356653980E+02    1.3584461494E-01
    6.7116381460E+01    5.2409974818E-01
    2.6339502050E+01    2.5894216550E-01
S   1  1.00
    1.7287693567E+02    1.0000000000E+00
S   1  1.00
    5.3058649060E+01    1.0000000000E+00
S   1  1.00
    7.9212754000E+00    1.0000000000E+00
S   1  1.00
    3.2108880500E+00    1.0000000000E+00
S   1  1.00
    4.5662070900E+00    1.0000000000E+00
S   1  1.00
    7.0209907000E-01    1.0000000000E+00
S   1  1.00
    2.8258943000E-01    1.0000000000E+00
S   1  1.00
    3.5805820000E-02    1.0000000000E+00
S   1  1.00
    1.5819210000E-02    1.0000000000E+00
P   6  1.00
    7.2818449873E+02    3.5665524247E-03
    1.7213265061E+02    2.5899974951E-02
    5.4829847070E+01    1.1387128912E-01
    2.0166266490E+01    3.0895850065E-01
    7.8610728800E+00    4.7614661428E-01
    3.1105213100E+00    2.6516493457E-01
P   1  1.00
    1.1757337490E+01    1.0000000000E+00
P   1  1.00
    1.5139617400E+00    1.0000000000E+00
P   1  1.00
    5.8328592000E-01    1.0000000000E+00
P   1  1.00
    2.1570478000E-01    1.0000000000E+00
P   1  1.00
    4.1737000000E-02    1.0000000000E+00
D   1  1.00
    9.3000000000E-01    1.0000000000E+00
D   1  1.00
    1.8000000000E-01    1.0000000000E+00
D   1  1.00
    5.4000000000E-02    1.0000000000E+00
S   1  1.00
    5.2730700000E-03    1.0000000000E+00
P   1  1.00
    1.3912333000E-02    1.0000000000E+00
****
-Ca 0
S   8  1.00
    1.7251732685E+05    9.7860101044E-04
    2.5861519275E+04    3.6263157403E-03
    5.8856618668E+03    1.3601568257E-02
    1.6659730031E+03    4.7999209725E-02
    5.4236718148E+02    1.4729570309E-01
    1.9457803492E+02    2.8203955081E-01
    7.5303597640E+01    4.4256835320E-01
    2.9574062590E+01    2.2187092419E-01
S   1  1.00
    1.9120074660E+02    1.0000000000E+00
S   1  1.00
    5.8840299880E+01    1.0000000000E+00
S   1  1.00
    8.9642540800E+00    1.0000000000E+00
S   1  1.00
    3.6856960500E+00    1.0000000000E+00
S   1  1.00
    5.2464289700E+00    1.0000000000E+00
S   1  1.00
    8.4862622000E-01    1.0000000000E+00
S   1  1.00
    3.6743301000E-01    1.0000000000E+00
S   1  1.00
    6.6821580000E-02    1.0000000000E+00
S   1  1.00
    2.6759730000E-02    1.0000000000E+00
P   6  1.00
    8.3697262058E+02    3.4823856204E-03
    1.9793040142E+02    2.5140391446E-02
    6.3135558050E+01    1.1113139671E-01
    2.3282687170E+01    3.0491936675E-01
    9.1176444900E+00    4.7655311282E-01
    3.6336120100E+00    2.6982695664E-01
P   1  1.00
    1.3494163120E+01    1.0000000000E+00
P   1  1.00
    1.8139259800E+00    1.0000000000E+00
P   1  1.00
    7.1981826000E-01    1.0000000000E+00
P   1  1.00
    2.7629577000E-01    1.0000000000E+00
P   1  1.00
    7.4979000000E-02    1.0000000000E+00
P   1  1.00
    2.6927000000E-02    1.0000000000E+00
D   2  1.00
    5.4979093880E+00    2.4569670877E-01
    1.3177128030E+00    8.6771035524E-01
D   1  1.00
    3.2188682700E-01    1.0000000000E+00
D   1  1.00
    7.0528615000E-02    1.0000000000E+00
S   1  1.00
    8.9199100000E-03    1.0000000000E+00
P   1  1.00
    8.9756670000E-03    1.0000000000E+00
****
-Sc 0
S   8  1.00
    1.9161291874E+05    1.0116327210E-03
    2.8723850363E+04    3.6904210037E-03
    6.5370116490E+03    1.3617335279E-02
    1.8503097171E+03    4.7508431554E-02
    6.0238855156E+02    1.4516920063E-01
    2.1617324766E+02    2.8997610948E-01
    8.3712517880E+01    4.3730447239E-01
    3.2908707190E+01    2.2103515154E-01
S   1  1.00
    2.1134393234E+02    1.0000000000E+00
S   1  1.00
    6.5128920140E+01    1.0000000000E+00
S   1  1.00
    1.0034311530E+01    1.0000000000E+00
S   1  1.00
    4.1596884600E+00    1.0000000000E+00
S   1  1.00
    6.0009041600E+00    1.0000000000E+00
S   1  1.00
    9.8255784000E-01    1.0000000000E+00
S   1  1.00
    4.2483193000E-01    1.0000000000E+00
S   1  1.00
    7.7185460000E-02    1.0000000000E+00
S   1  1.00
    3.0147220000E-02    1.0000000000E+00
P   6  1.00
    9.4734122823E+02    3.4521681396E-03
    2.2409699732E+02    2.4746471809E-02
    7.1560334880E+01    1.0973340827E-01
    2.6444824490E+01    3.0325330946E-01
    1.0393798290E+01    4.7713979745E-01
    4.1606304600E+00    2.7094892909E-01
P   1  1.00
    1.5565737140E+01    1.0000000000E+00
P   1  1.00
    2.1121544900E+00    1.0000000000E+00
P   1  1.00
    8.4184709000E-01    1.0000000000E+00
P   1  1.00
    3.2297543000E-01    1.0000000000E+00
D   4  1.00
    3.0989390990E+01    2.0678167153E-02
    8.6905465100E+00    1.1678435167E-01
    2.9520256300E+00    3.6850565041E-01
    1.0761910700E+00    6.6499679318E-01
D   1  1.00
    3.8338915000E-01    1.0000000000E+00
D   1  1.00
    1.2534686000E-01    1.0000000000E+00
P   1  1.00
    8.9748000000E-02    1.0000000000E+00
D   1  1.00
    4.1000000000E-02    1.0000000000E+00
F   1  1.00
    3.4500000000E-01    1.0000000000E+00
S   1  1.00
    1.0049073000E-02    1.0000000000E+00
P   1  1.00
    2.9916000000E-02    1.0000000000E+00
****
-Ti 0
S   8  1.00
    2.1157569025E+05    1.0520380955E-03
    3.1714945058E+04    3.7827031825E-03
    7.2175476543E+03    1.3743032166E-02
    2.0429394247E+03    4.7399773203E-02
    6.6512896208E+02    1.4415309949E-01
    2.3874942264E+02    2.9312924398E-01
    9.2508691000E+01    4.3481178312E-01
    3.6403919210E+01    2.2115476223E-01
S   1  1.00
    2.3272624607E+02    1.0000000000E+00
S   1  1.00
    7.1791209710E+01    1.0000000000E+00
S   1  1.00
    1.1158534620E+01    1.0000000000E+00
S   1  1.00
    4.6548135400E+00    1.0000000000E+00
S   1  1.00
    6.8034629200E+00    1.0000000000E+00
S   1  1.00
    1.1201076400E+00    1.0000000000E+00
S   1  1.00
    4.8080119000E-01    1.0000000000E+00
S   1  1.00
    8.5157270000E-02    1.0000000000E+00
S   1  1.00
    3.2657480000E-02    1.0000000000E+00
P   6  1.00
    1.0631474732E+03    3.4397893022E-03
    2.5156507061E+02    2.4461030312E-02
    8.0408554850E+01    1.0869910267E-01
    2.9768193270E+01    3.0212527454E-01
    1.1736830560E+01    4.7767676734E-01
    4.7142375200E+00    2.7143722226E-01
P   1  1.00
    1.7796803700E+01    1.0000000000E+00
P   1  1.00
    2.4272698700E+00    1.0000000000E+00
P   1  1.00
    9.6823446000E-01    1.0000000000E+00
P   1  1.00
    3.7056694000E-01    1.0000000000E+00
D   4  1.00
    3.7713384720E+01    1.9822055715E-02
    1.0692931180E+01    1.1486993081E-01
    3.6728447000E+00    3.6682789273E-01
    1.3588590300E+00    6.6473757452E-01
D   1  1.00
    4.9213295000E-01    1.0000000000E+00
D   1  1.00
    1.6330521000E-01    1.0000000000E+00
P   1  1.00
    1.0156100000E-01    1.0000000000E+00
D   1  1.00
    5.4000000000E-02    1.0000000000E+00
F   1  1.00
    5.6200000000E-01    1.0000000000E+00
S   1  1.00
    1.0885827000E-02    1.0000000000E+00
P   1  1.00
    3.3853667000E-02    1.0000000000E+00
****
-V 0
S   8  1.00
    2.3234065058E+05    1.0959988180E-03
    3.4828841170E+04    3.8877964794E-03
    7.9265448691E+03    1.3917841558E-02
    2.2437733046E+03    4.7453092524E-02
    7.3059322944E+02    1.4356897483E-01
    2.6232219631E+02    2.9490029688E-01
    1.0170403805E+02    4.3313255560E-01
    4.0064784620E+01    2.2139337146E-01
S   1  1.00
    2.5524014968E+02    1.0000000000E+00
S   1  1.00
    7.8804646960E+01    1.0000000000E+00
S   1  1.00
    1.2340598950E+01    1.0000000000E+00
S   1  1.00
    5.1742019200E+00    1.0000000000E+00
S   1  1.00
    7.6513894500E+00    1.0000000000E+00
S   1  1.00
    1.2639759900E+00    1.0000000000E+00
S   1  1.00
    5.3861762000E-01    1.0000000000E+00
S   1  1.00
    9.2719300000E-02    1.0000000000E+00
S   1  1.00
    3.4998060000E-02    1.0000000000E+00
P   6  1.00
    1.1842369151E+03    3.4427949381E-03
    2.8023075192E+02    2.4276118327E-02
    8.9643627140E+01    1.0799946315E-01
    3.3242411250E+01    3.0143790139E-01
    1.3144514450E+01    4.7807097569E-01
    5.2948534100E+00    2.7144104404E-01
P   1  1.00
    2.0175586850E+01    1.0000000000E+00
P   1  1.00
    2.7605865200E+00    1.0000000000E+00
P   1  1.00
    1.1008900900E+00    1.0000000000E+00
P   1  1.00
    4.2013311000E-01    1.0000000000E+00
D   4  1.00
    4.3861134860E+01    1.9543548191E-02
    1.2516021890E+01    1.1504086995E-01
    4.3313855000E+00    3.6790216186E-01
    1.6138855800E+00    6.6213880051E-01
D   1  1.00
    5.8749574000E-01    1.0000000000E+00
D   1  1.00
    1.9515723000E-01    1.0000000000E+00
P   1  1.00
    1.1124800000E-01    1.0000000000E+00
D   1  1.00
    6.5000000000E-02    1.0000000000E+00
F   1  1.00
    8.3100000000E-01    1.0000000000E+00
S   1  1.00
    1.1666020000E-02    1.0000000000E+00
P   1  1.00
    3.7082667000E-02    1.0000000000E+00
****
-Cr 0
S   8  1.00
    2.5447780704E+05    2.4290531429E-04
    3.8131797054E+04    1.8843522001E-03
    8.6752930607E+03    9.8009558073E-03
    2.4550099848E+03    3.9825009302E-02
    7.9916217787E+02    1.2940543890E-01
    2.8690021489E+02    3.0629001742E-01
    1.1125413232E+02    4.3462835343E-01
    4.3864152640E+01    2.2469562407E-01
S   1  1.00
    2.7932669173E+02    1.0000000000E+00
S   1  1.00
    8.6274732380E+01    1.0000000000E+00
S   1  1.00
    1.3555756110E+01    1.0000000000E+00
S   1  1.00
    5.6978112800E+00    1.0000000000E+00
S   1  1.00
    8.5636582600E+00    1.0000000000E+00
S   1  1.00
    1.3988296800E+00    1.0000000000E+00
S   1  1.00
    5.7288171000E-01    1.0000000000E+00
S   1  1.00
    9.0096170000E-02    1.0000000000E+00
S   1  1.00
    3.4125890000E-02    1.0000000000E+00
P   6  1.00
    1.3064398864E+03    2.8292770077E-03
    3.0925311441E+02    2.2776628042E-02
    9.8996273960E+01    1.0564561396E-01
    3.6756916450E+01    2.9949944816E-01
    1.4566657080E+01    4.7706245599E-01
    5.8739937400E+00    2.7654234619E-01
P   1  1.00
    2.2890999700E+01    1.0000000000E+00
P   1  1.00
    3.0855001800E+00    1.0000000000E+00
P   1  1.00
    1.2132329100E+00    1.0000000000E+00
P   1  1.00
    4.4931681000E-01    1.0000000000E+00
D   4  1.00
    4.3720074480E+01    2.2093252864E-02
    1.2391242650E+01    1.2801438797E-01
    4.2639442000E+00    3.8652910382E-01
    1.5525221800E+00    6.4103301425E-01
D   1  1.00
    5.3761929000E-01    1.0000000000E+00
D   1  1.00
    1.6493173000E-01    1.0000000000E+00
P   1  1.00
    1.2067500000E-01    1.0000000000E+00
D   1  1.00
    5.1000000000E-02    1.0000000000E+00
F   1  1.00
    1.1470000000E+00    1.0000000000E+00
S   1  1.00
    1.1375297000E-02    1.0000000000E+00
P   1  1.00
    4.0225000000E-02    1.0000000000E+00
****
-Mn 0
S   8  1.00
    2.7718500153E+05    1.1878933955E-03
    4.1550769890E+04    4.1108431686E-03
    9.4559700152E+03    1.4317314389E-02
    2.6765206482E+03    4.7720740617E-02
    8.7146687530E+02    1.4282976848E-01
    3.1298306420E+02    2.9707814348E-01
    1.2144454051E+02    4.3068581191E-01
    4.7922598830E+01    2.2195511896E-01
S   1  1.00
    3.0366723163E+02    1.0000000000E+00
S   1  1.00
    9.3881403190E+01    1.0000000000E+00
S   1  1.00
    1.4879421210E+01    1.0000000000E+00
S   1  1.00
    6.2865200700E+00    1.0000000000E+00
S   1  1.00
    9.4858591300E+00    1.0000000000E+00
S   1  1.00
    1.5698706200E+00    1.0000000000E+00
S   1  1.00
    6.5903214000E-01    1.0000000000E+00
S   1  1.00
    1.0686292000E-01    1.0000000000E+00
S   1  1.00
    3.9267440000E-02    1.0000000000E+00
P   6  1.00
    1.4447978182E+03    3.4719290972E-03
    3.4206551197E+02    2.4013403915E-02
    1.0958400891E+02    1.0691071976E-01
    4.0747988170E+01    3.0043374811E-01
    1.6188626570E+01    4.7876743536E-01
    6.5484506000E+00    2.7125367253E-01
P   1  1.00
    2.5357086440E+01    1.0000000000E+00
P   1  1.00
    3.4830168800E+00    1.0000000000E+00
P   1  1.00
    1.3858800900E+00    1.0000000000E+00
P   1  1.00
    5.2555095000E-01    1.0000000000E+00
D   4  1.00
    5.6563189120E+01    1.9312925876E-02
    1.6278734710E+01    1.1616497005E-01
    5.6964273900E+00    3.7067989012E-01
    2.1411147900E+00    6.5693897724E-01
D   1  1.00
    7.8291802000E-01    1.0000000000E+00
D   1  1.00
    2.5952311000E-01    1.0000000000E+00
P   1  1.00
    1.2765000000E-01    1.0000000000E+00
D   1  1.00
    8.6000000000E-02    1.0000000000E+00
F   1  1.00
    1.3260000000E+00    1.0000000000E+00
S   1  1.00
    1.3089147000E-02    1.0000000000E+00
P   1  1.00
    4.2550000000E-02    1.0000000000E+00
****
-Fe 0
S   8  1.00
    3.0078484637E+05    1.2372305644E-03
    4.5088970557E+04    4.2334233668E-03
    1.0262516317E+04    1.4554596121E-02
    2.9052897293E+03    4.7962098293E-02
    9.4611487137E+02    1.4269339833E-01
    3.3987832894E+02    2.9779847531E-01
    1.3194425588E+02    4.2965810662E-01
    5.2111494080E+01    2.2212267115E-01
S   1  1.00
    3.2948839267E+02    1.0000000000E+00
S   1  1.00
    1.0192332739E+02    1.0000000000E+00
S   1  1.00
    1.6240462740E+01    1.0000000000E+00
S   1  1.00
    6.8840675800E+00    1.0000000000E+00
S   1  1.00
    1.0470693780E+01    1.0000000000E+00
S   1  1.00
    1.7360039600E+00    1.0000000000E+00
S   1  1.00
    7.2577289000E-01    1.0000000000E+00
S   1  1.00
    1.1595528000E-01    1.0000000000E+00
S   1  1.00
    4.1968230000E-02    1.0000000000E+00
P   6  1.00
    1.5853959970E+03    3.4932433822E-03
    3.7538006499E+02    2.3917870814E-02
    1.2031816501E+02    1.0647231327E-01
    4.4788749030E+01    3.0001499366E-01
    1.7829278580E+01    4.7903199482E-01
    7.2247153800E+00    2.7119283033E-01
P   1  1.00
    2.8143219760E+01    1.0000000000E+00
P   1  1.00
    3.8743241400E+00    1.0000000000E+00
P   1  1.00
    1.5410752300E+00    1.0000000000E+00
P   1  1.00
    5.8285615000E-01    1.0000000000E+00
D   4  1.00
    6.1996675030E+01    1.9760267662E-02
    1.7873732550E+01    1.1919440391E-01
    6.2744782900E+00    3.7573014983E-01
    2.3552337200E+00    6.5045273627E-01
D   1  1.00
    8.5432240000E-01    1.0000000000E+00
D   1  1.00
    2.7869254000E-01    1.0000000000E+00
P   1  1.00
    1.3491500000E-01    1.0000000000E+00
D   1  1.00
    9.1000000000E-02    1.0000000000E+00
F   1  1.00
    1.5980000000E+00    1.0000000000E+00
S   1  1.00
    1.3989410000E-02    1.0000000000E+00
P   1  1.00
    4.4971667000E-02    1.0000000000E+00
****
-Co 0
S   8  1.00
    3.2581701553E+05    1.2863134390E-03
    4.8839636453E+04    4.3543807776E-03
    1.1114937307E+04    1.4789128883E-02
    3.1461603642E+03    4.8202718007E-02
    1.0244378465E+03    1.4256798396E-01
    3.6802508816E+02    2.9854247007E-01
    1.4291229205E+02    4.2868154754E-01
    5.6482649210E+01    2.2224435273E-01
S   1  1.00
    3.5640298318E+02    1.0000000000E+00
S   1  1.00
    1.1031165215E+02    1.0000000000E+00
S   1  1.00
    1.7659634830E+01    1.0000000000E+00
S   1  1.00
    7.5059030500E+00    1.0000000000E+00
S   1  1.00
    1.1501807180E+01    1.0000000000E+00
S   1  1.00
    1.9081994600E+00    1.0000000000E+00
S   1  1.00
    7.9396697000E-01    1.0000000000E+00
S   1  1.00
    1.2444449000E-01    1.0000000000E+00
S   1  1.00
    4.4444650000E-02    1.0000000000E+00
P   6  1.00
    1.7311369144E+03    3.5240060437E-03
    4.0991750438E+02    2.3874939820E-02
    1.3145648578E+02    1.0619681786E-01
    4.8987439710E+01    2.9980172013E-01
    1.9537078990E+01    4.7922258518E-01
    7.9287281600E+00    2.7090605242E-01
P   1  1.00
    3.1076017580E+01    1.0000000000E+00
P   1  1.00
    4.2835180700E+00    1.0000000000E+00
P   1  1.00
    1.7022921600E+00    1.0000000000E+00
P   1  1.00
    6.4202909000E-01    1.0000000000E+00
D   4  1.00
    6.8140745240E+01    2.0004194868E-02
    1.9685241020E+01    1.2117491589E-01
    6.9322128800E+00    3.7899128182E-01
    2.6025125700E+00    6.4599949285E-01
D   1  1.00
    9.4016837000E-01    1.0000000000E+00
D   1  1.00
    3.0381458000E-01    1.0000000000E+00
P   1  1.00
    1.4130800000E-01    1.0000000000E+00
D   1  1.00
    9.8000000000E-02    1.0000000000E+00
F   1  1.00
    1.9030000000E+00    1.0000000000E+00
S   1  1.00
    1.4814883000E-02    1.0000000000E+00
P   1  1.00
    4.7102667000E-02    1.0000000000E+00
****
-Ni 0
S   8  1.00
    3.5153572935E+05    1.3380757759E-03
    5.2695809283E+04    4.4836200503E-03
    1.1992468293E+04    1.5050486280E-02
    3.3945776689E+03    4.8518831154E-02
    1.1053594585E+03    1.4260649942E-01
    3.9714677769E+02    2.9903854140E-01
    1.5427542974E+02    4.2783576850E-01
    6.1018723780E+01    2.2227717654E-01
S   1  1.00
    3.8445559739E+02    1.0000000000E+00
S   1  1.00
    1.1904879199E+02    1.0000000000E+00
S   1  1.00
    1.9137012220E+01    1.0000000000E+00
S   1  1.00
    8.1526718600E+00    1.0000000000E+00
S   1  1.00
    1.2579408640E+01    1.0000000000E+00
S   1  1.00
    2.0870866100E+00    1.0000000000E+00
S   1  1.00
    8.6432569000E-01    1.0000000000E+00
S   1  1.00
    1.3283169000E-01    1.0000000000E+00
S   1  1.00
    4.6845330000E-02    1.0000000000E+00
P   6  1.00
    1.8830907486E+03    3.5597669120E-03
    4.4595155320E+02    2.3853287348E-02
    1.4308430815E+02    1.0597619738E-01
    5.3372920720E+01    2.9963484031E-01
    2.1321919360E+01    4.7937797757E-01
    8.6643562000E+00    2.7061972149E-01
P   1  1.00
    3.4144255210E+01    1.0000000000E+00
P   1  1.00
    4.7122455900E+00    1.0000000000E+00
P   1  1.00
    1.8709231800E+00    1.0000000000E+00
P   1  1.00
    7.0370016000E-01    1.0000000000E+00
D   4  1.00
    7.4591603470E+01    2.0206913280E-02
    2.1590632750E+01    1.2282908133E-01
    7.6246142600E+00    3.8162745911E-01
    2.8632206800E+00    6.4230857992E-01
D   1  1.00
    1.0311063400E+00    1.0000000000E+00
D   1  1.00
    3.3060761000E-01    1.0000000000E+00
P   1  1.00
    1.4658800000E-01    1.0000000000E+00
D   1  1.00
    1.0600000000E-01    1.0000000000E+00
F   1  1.00
    2.1740000000E+00    1.0000000000E+00
S   1  1.00
    1.5615110000E-02    1.0000000000E+00
P   1  1.00
    4.8862667000E-02    1.0000000000E+00
****
-Cu 0
S   8  1.00
    3.7751879923E+05    1.3945412437E-03
    5.6589984311E+04    4.6284577904E-03
    1.2878711706E+04    1.5365582487E-02
    3.6453752143E+03    4.9011905548E-02
    1.1870072945E+03    1.4311468688E-01
    4.2646421902E+02    2.9869235474E-01
    1.6570660164E+02    4.2770826198E-01
    6.5598942710E+01    2.2189207106E-01
S   1  1.00
    4.1441265811E+02    1.0000000000E+00
S   1  1.00
    1.2832056039E+02    1.0000000000E+00
S   1  1.00
    2.0622089750E+01    1.0000000000E+00
S   1  1.00
    8.7821226000E+00    1.0000000000E+00
S   1  1.00
    1.3741372010E+01    1.0000000000E+00
S   1  1.00
    2.2431246800E+00    1.0000000000E+00
S   1  1.00
    8.9370549000E-01    1.0000000000E+00
S   1  1.00
    1.0836700000E-01    1.0000000000E+00
S   1  1.00
    3.8806180000E-02    1.0000000000E+00
P   6  1.00
    2.0347596692E+03    3.6157073290E-03
    4.8190468106E+02    2.3963122025E-02
    1.5467482963E+02    1.0625095485E-01
    5.7740576970E+01    3.0046444672E-01
    2.3099052810E+01    4.7975383758E-01
    9.3882478600E+00    2.6873278566E-01
P   1  1.00
    3.7596171210E+01    1.0000000000E+00
P   1  1.00
    5.1240690800E+00    1.0000000000E+00
P   1  1.00
    2.0119996100E+00    1.0000000000E+00
P   1  1.00
    7.3860686000E-01    1.0000000000E+00
D   4  1.00
    7.4129460640E+01    2.2591197830E-02
    2.1359842590E+01    1.3412927779E-01
    7.4995240500E+00    3.9632424695E-01
    2.7601394200E+00    6.2493425470E-01
D   1  1.00
    9.5362061000E-01    1.0000000000E+00
D   1  1.00
    2.8420863000E-01    1.0000000000E+00
P   1  1.00
    1.5506500000E-01    1.0000000000E+00
D   1  1.00
    8.5000000000E-02    1.0000000000E+00
F   1  1.00
    2.2330000000E+00    1.0000000000E+00
S   1  1.00
    1.2935393000E-02    1.0000000000E+00
P   1  1.00
    5.1688333000E-02    1.0000000000E+00
****
-Zn 0
S   8  1.00
    4.0592431028E+05    1.4458001644E-03
    6.0846955735E+04    4.7533942405E-03
    1.3847343092E+04    1.5607571657E-02
    3.9196158551E+03    4.9246271114E-02
    1.2763594167E+03    1.4287493790E-01
    4.5867254435E+02    2.9997833102E-01
    1.7828725246E+02    4.2620756068E-01
    7.0612192840E+01    2.2210629355E-01
S   1  1.00
    4.4388077950E+02    1.0000000000E+00
S   1  1.00
    1.3755875267E+02    1.0000000000E+00
S   1  1.00
    2.2268083480E+01    1.0000000000E+00
S   1  1.00
    9.5217310600E+00    1.0000000000E+00
S   1  1.00
    1.4874114070E+01    1.0000000000E+00
S   1  1.00
    2.4647517600E+00    1.0000000000E+00
S   1  1.00
    1.0113272200E+00    1.0000000000E+00
S   1  1.00
    1.4919852000E-01    1.0000000000E+00
S   1  1.00
    5.1441870000E-02    1.0000000000E+00
P   6  1.00
    2.2053508534E+03    3.6456489625E-03
    5.2235300699E+02    2.3880017063E-02
    1.6773055542E+02    1.0575533248E-01
    6.2670045370E+01    2.9957202951E-01
    2.5109749460E+01    4.7958128499E-01
    1.0225142680E+01    2.6983186128E-01
P   1  1.00
    4.0713442520E+01    1.0000000000E+00
P   1  1.00
    5.6247090700E+00    1.0000000000E+00
P   1  1.00
    2.2279949100E+00    1.0000000000E+00
P   1  1.00
    8.3354742000E-01    1.0000000000E+00
D   5  1.00
    8.8554315310E+01    1.4345325609E-02
    2.5721525560E+01    8.7723935630E-02
    9.1278367600E+00    2.6986216733E-01
    3.4312364100E+00    4.4581102060E-01
    1.2308920600E+00    4.4523241085E-01
D   1  1.00
    3.9031845000E-01    1.0000000000E+00
P   1  1.00
    1.6245500000E-01    1.0000000000E+00
P   1  1.00
    4.7769000000E-02    1.0000000000E+00
D   1  1.00
    1.2400000000E-01    1.0000000000E+00
F   1  1.00
    2.6140000000E+00    1.0000000000E+00
S   1  1.00
    1.7147290000E-02    1.0000000000E+00
P   1  1.00
    1.5923000000E-02    1.0000000000E+00
****
-Ga 0
S   8  1.00
    4.3554866254E+05    1.4987929223E-03
    6.5289589031E+04    4.8826837550E-03
    1.4858784256E+04    1.5862386359E-02
    4.2059734729E+03    4.9517562864E-02
    1.3696416431E+03    1.4272368894E-01
    4.9230348905E+02    3.0079451834E-01
    1.9141923233E+02    4.2494196155E-01
    7.5840558670E+01    2.2249139133E-01
S   1  1.00
    4.7430810613E+02    1.0000000000E+00
S   1  1.00
    1.4710297560E+02    1.0000000000E+00
S   1  1.00
    2.3982599430E+01    1.0000000000E+00
S   1  1.00
    1.0298230090E+01    1.0000000000E+00
S   1  1.00
    1.6050381430E+01    1.0000000000E+00
S   1  1.00
    2.6988468800E+00    1.0000000000E+00
S   1  1.00
    1.1428588700E+00    1.0000000000E+00
S   1  1.00
    2.0217652000E-01    1.0000000000E+00
S   1  1.00
    7.1980150000E-02    1.0000000000E+00
P   6  1.00
    2.4320171070E+03    3.5812112571E-03
    5.7612049582E+02    2.3138179023E-02
    1.8511584354E+02    1.0268290551E-01
    6.9246572560E+01    2.9324974896E-01
    2.7818107780E+01    4.7749468706E-01
    1.1420229940E+01    2.8042205550E-01
P   1  1.00
    4.2819661530E+01    1.0000000000E+00
P   1  1.00
    6.3885901000E+00    1.0000000000E+00
P   1  1.00
    2.6698993300E+00    1.0000000000E+00
P   1  1.00
    1.0781783800E+00    1.0000000000E+00
P   1  1.00
    2.2796559000E-01    1.0000000000E+00
P   1  1.00
    6.2836230000E-02    1.0000000000E+00
D   5  1.00
    1.0392331829E+02    1.2971681895E-02
    3.0371094390E+01    8.1382417262E-02
    1.0872078100E+01    2.5881416095E-01
    4.1549138000E+00    4.4447477777E-01
    1.5345659100E+00    4.5206499819E-01
D   1  1.00
    5.1114264000E-01    1.0000000000E+00
D   1  1.00
    3.0622000000E-01    1.0000000000E+00
D   1  1.00
    1.1391309000E-01    1.0000000000E+00
S   1  1.00
    2.3993383000E-02    1.0000000000E+00
P   1  1.00
    2.0945410000E-02    1.0000000000E+00
****
-Ge 0
S   8  1.00
    4.6611500592E+05    1.5540580683E-03
    6.9875420762E+04    5.0183392381E-03
    1.5903276716E+04    1.6136878906E-02
    4.5018233453E+03    4.9846216599E-02
    1.4660570924E+03    1.4270651452E-01
    5.2707841728E+02    3.0133132458E-01
    2.0500395074E+02    4.2384663977E-01
    8.1251596070E+01    2.2283447669E-01
S   1  1.00
    5.0574661282E+02    1.0000000000E+00
S   1  1.00
    1.5696593744E+02    1.0000000000E+00
S   1  1.00
    2.5761448180E+01    1.0000000000E+00
S   1  1.00
    1.1106654690E+01    1.0000000000E+00
S   1  1.00
    1.7272059100E+01    1.0000000000E+00
S   1  1.00
    2.9438289000E+00    1.0000000000E+00
S   1  1.00
    1.2839164900E+00    1.0000000000E+00
S   1  1.00
    2.5873337000E-01    1.0000000000E+00
S   1  1.00
    9.3524910000E-02    1.0000000000E+00
P   6  1.00
    2.6339346241E+03    3.5945801615E-03
    6.2400161628E+02    2.2930107441E-02
    2.0058528404E+02    1.0164033983E-01
    7.5097081530E+01    2.9110329673E-01
    3.0214388470E+01    4.7685412595E-01
    1.2440087570E+01    2.8374524192E-01
P   1  1.00
    4.5981316000E+01    1.0000000000E+00
P   1  1.00
    6.9945654400E+00    1.0000000000E+00
P   1  1.00
    2.9686001300E+00    1.0000000000E+00
P   1  1.00
    1.2320988500E+00    1.0000000000E+00
P   1  1.00
    2.8981615000E-01    1.0000000000E+00
P   1  1.00
    8.5564610000E-02    1.0000000000E+00
D   5  1.00
    1.1944887581E+02    1.2018104365E-02
    3.5062915290E+01    7.6926816914E-02
    1.2636924530E+01    2.5083033187E-01
    4.8888672900E+00    4.4354367721E-01
    1.8453195400E+00    4.5658424357E-01
D   1  1.00
    6.3571159000E-01    1.0000000000E+00
D   1  1.00
    3.5492132000E-01    1.0000000000E+00
D   1  1.00
    1.3155709000E-01    1.0000000000E+00
S   1  1.00
    3.1174970000E-02    1.0000000000E+00
P   1  1.00
    2.8521537000E-02    1.0000000000E+00
****
-As 0
S   8  1.00
    4.9803242158E+05    1.6105969093E-03
    7.4656868743E+04    5.1573938149E-03
    1.6990960004E+04    1.6421402002E-02
    4.8096200321E+03    5.0203488224E-02
    1.5662887055E+03    1.4275679247E-01
    5.6321360499E+02    3.0165608589E-01
    2.1911179978E+02    4.2287404578E-01
    8.6866061030E+01    2.2321191315E-01
S   1  1.00
    5.3819512479E+02    1.0000000000E+00
S   1  1.00
    1.6714850224E+02    1.0000000000E+00
S   1  1.00
    2.7605517159E+01    1.0000000000E+00
S   1  1.00
    1.1947858521E+01    1.0000000000E+00
S   1  1.00
    1.8538023133E+01    1.0000000000E+00
S   1  1.00
    3.2018985740E+00    1.0000000000E+00
S   1  1.00
    1.4356522080E+00    1.0000000000E+00
S   1  1.00
    3.1837805200E-01    1.0000000000E+00
S   1  1.00
    1.1622632200E-01    1.0000000000E+00
P   6  1.00
    2.6789421546E+03    3.9205264086E-03
    6.3461765840E+02    2.4734719359E-02
    2.0393967606E+02    1.0898509922E-01
    7.6323890369E+01    3.0174884932E-01
    3.0664124943E+01    4.6991493564E-01
    1.2505056732E+01    2.7604830786E-01
P   1  1.00
    4.9256229549E+01    1.0000000000E+00
P   1  1.00
    7.7274891470E+00    1.0000000000E+00
P   1  1.00
    3.5410493480E+00    1.0000000000E+00
P   1  1.00
    1.6985585500E+00    1.0000000000E+00
P   1  1.00
    7.6848071000E-01    1.0000000000E+00
P   1  1.00
    3.0050823300E-01    1.0000000000E+00
P   1  1.00
    9.8190639000E-02    1.0000000000E+00
D   5  1.00
    1.3533289305E+02    1.1308766204E-02
    3.9860212744E+01    7.3567672499E-02
    1.4446428359E+01    2.4467835842E-01
    5.6432900360E+00    4.4288854171E-01
    2.1668188620E+00    4.5979088856E-01
D   1  1.00
    7.6514970600E-01    1.0000000000E+00
D   1  1.00
    4.2434653000E-01    1.0000000000E+00
D   1  1.00
    1.6331527000E-01    1.0000000000E+00
S   1  1.00
    3.8742107000E-02    1.0000000000E+00
P   1  1.00
    3.2730213000E-02    1.0000000000E+00
****
-Se 0
S   8  1.00
    5.3107166696E+05    1.6688255974E-03
    7.9603044117E+04    5.3008978571E-03
    1.8115844240E+04    1.6718513431E-02
    5.1278923194E+03    5.0595949640E-02
    1.6699130839E+03    1.4288379837E-01
    6.0057534527E+02    3.0189309285E-01
    2.3370021247E+02    4.2195826898E-01
    9.2672443930E+01    2.2353157799E-01
S   1  1.00
    5.7157513675E+02    1.0000000000E+00
S   1  1.00
    1.7763686375E+02    1.0000000000E+00
S   1  1.00
    2.9517767050E+01    1.0000000000E+00
S   1  1.00
    1.2824399790E+01    1.0000000000E+00
S   1  1.00
    1.9848235840E+01    1.0000000000E+00
S   1  1.00
    3.4744018500E+00    1.0000000000E+00
S   1  1.00
    1.5988910800E+00    1.0000000000E+00
S   1  1.00
    3.8333469000E-01    1.0000000000E+00
S   1  1.00
    1.4049742000E-01    1.0000000000E+00
P   6  1.00
    2.8153500566E+03    4.0756846743E-03
    6.6692558298E+02    2.5448997476E-02
    2.1434213188E+02    1.1148499233E-01
    8.0246687940E+01    3.0643817655E-01
    3.2251081290E+01    4.7173337820E-01
    1.3106432560E+01    2.6681251859E-01
P   1  1.00
    5.3366108520E+01    1.0000000000E+00
P   1  1.00
    8.1827777200E+00    1.0000000000E+00
P   1  1.00
    3.6239945700E+00    1.0000000000E+00
P   1  1.00
    1.6341591400E+00    1.0000000000E+00
P   1  1.00
    5.8418320000E-01    1.0000000000E+00
P   1  1.00
    2.3966269000E-01    1.0000000000E+00
P   1  1.00
    8.8785130000E-02    1.0000000000E+00
D   5  1.00
    1.5182910279E+02    1.0742294749E-02
    4.4839992520E+01    7.0839483817E-02
    1.6328999510E+01    2.3960572213E-01
    6.4305057600E+00    4.4231471916E-01
    2.5048025200E+00    4.6235531334E-01
D   1  1.00
    9.0271148000E-01    1.0000000000E+00
D   1  1.00
    4.7683613000E-01    1.0000000000E+00
D   1  1.00
    1.8535160000E-01    1.0000000000E+00
S   1  1.00
    4.6832473000E-02    1.0000000000E+00
P   1  1.00
    2.9595043000E-02    1.0000000000E+00
****
-Br 0
S   8  1.00
    5.6507325256E+05    1.7292332898E-03
    8.4701723179E+04    5.4496096315E-03
    1.9276271900E+04    1.7030057335E-02
    5.4564284576E+03    5.1025425404E-02
    1.7769503500E+03    1.4308569744E-01
    6.3919398276E+02    3.0199948349E-01
    2.4878823961E+02    4.2109901516E-01
    9.8678305490E+01    2.2383653511E-01
S   1  1.00
    6.0607824568E+02    1.0000000000E+00
S   1  1.00
    1.8845598484E+02    1.0000000000E+00
S   1  1.00
    3.1497144510E+01    1.0000000000E+00
S   1  1.00
    1.3736008320E+01    1.0000000000E+00
S   1  1.00
    2.1203212770E+01    1.0000000000E+00
S   1  1.00
    3.7616420200E+00    1.0000000000E+00
S   1  1.00
    1.7735934000E+00    1.0000000000E+00
S   1  1.00
    4.5197414000E-01    1.0000000000E+00
S   1  1.00
    1.6613377000E-01    1.0000000000E+00
P   6  1.00
    3.0196955723E+03    4.1103066994E-03
    7.1535481126E+02    2.5347444196E-02
    2.2998328751E+02    1.1079896181E-01
    8.6167844620E+01    3.0498634494E-01
    3.4667870800E+01    4.7139125558E-01
    1.4113870310E+01    2.6899956712E-01
P   1  1.00
    5.7085653080E+01    1.0000000000E+00
P   1  1.00
    8.8193845800E+00    1.0000000000E+00
P   1  1.00
    3.9340302900E+00    1.0000000000E+00
P   1  1.00
    1.7998830400E+00    1.0000000000E+00
P   1  1.00
    6.6899411000E-01    1.0000000000E+00
P   1  1.00
    2.7136238000E-01    1.0000000000E+00
P   1  1.00
    1.0083790000E-01    1.0000000000E+00
D   5  1.00
    1.6885370257E+02    1.0288678476E-02
    4.9977949920E+01    6.8619288610E-02
    1.8274913340E+01    2.3544109595E-01
    7.2455694600E+00    4.4191458663E-01
    2.8562315000E+00    4.6430499730E-01
D   1  1.00
    1.0459621100E+00    1.0000000000E+00
D   1  1.00
    5.6865655000E-01    1.0000000000E+00
D   1  1.00
    2.2031490000E-01    1.0000000000E+00
S   1  1.00
    5.5377923000E-02    1.0000000000E+00
P   1  1.00
    3.3612633000E-02    1.0000000000E+00
****
-Kr 0
S   8  1.00
    6.0025097575E+05    1.7912540232E-03
    8.9976650781E+04    5.6020026550E-03
    2.0476814225E+04    1.7351078852E-02
    5.7961554078E+03    5.1480157215E-02
    1.8875913196E+03    1.4333859179E-01
    6.7911458519E+02    3.0206538673E-01
    2.6438244511E+02    4.2026468666E-01
    1.0488368574E+02    2.2410029567E-01
S   1  1.00
    6.4147370764E+02    1.0000000000E+00
S   1  1.00
    1.9957524820E+02    1.0000000000E+00
S   1  1.00
    3.3545462950E+01    1.0000000000E+00
S   1  1.00
    1.4683955140E+01    1.0000000000E+00
S   1  1.00
    2.2603101860E+01    1.0000000000E+00
S   1  1.00
    4.0650683000E+00    1.0000000000E+00
S   1  1.00
    1.9611027100E+00    1.0000000000E+00
S   1  1.00
    5.2465148000E-01    1.0000000000E+00
S   1  1.00
    1.9332400000E-01    1.0000000000E+00
P   6  1.00
    3.2329589614E+03    4.1468551971E-03
    7.6596442694E+02    2.5249043929E-02
    2.4633940810E+02    1.1010188768E-01
    9.2365283040E+01    3.0348549271E-01
    3.7199509550E+01    4.7105503073E-01
    1.5172166530E+01    2.7123552339E-01
P   1  1.00
    6.0931321700E+01    1.0000000000E+00
P   1  1.00
    9.4792600600E+00    1.0000000000E+00
P   1  1.00
    4.2564686300E+00    1.0000000000E+00
P   1  1.00
    1.9729313800E+00    1.0000000000E+00
P   1  1.00
    7.6337109000E-01    1.0000000000E+00
P   1  1.00
    3.0943626000E-01    1.0000000000E+00
P   1  1.00
    1.1569704000E-01    1.0000000000E+00
D   5  1.00
    1.8641760904E+02    9.9205823689E-03
    5.5274124350E+01    6.6797682803E-02
    2.0283219120E+01    2.3201803496E-01
    8.0884537000E+00    4.4164248902E-01
    3.2214033900E+00    4.6572146749E-01
D   1  1.00
    1.1952170100E+00    1.0000000000E+00
D   1  1.00
    6.4800000000E-01    1.0000000000E+00
D   1  1.00
    2.5100000000E-01    1.0000000000E+00
S   1  1.00
    6.4441333000E-02    1.0000000000E+00
P   1  1.00
    3.8565680000E-02    1.0000000000E+00
****


