! Basis data obtained from ORCA (transformed using utility mkl2gjf in MOKIT)
! Basis name : ma-ZORA-def2-SVP
! Basis description : relativistically recontracted Karlsruhe basis sets; all-electron basis set for DKH calculations
!
!------------------------------------------------
! status : unpublished
! type : orbital
!------------------------------------------------
!
! Elements                             References
! --------                             ----------
! H-Kr                                 Please cite ORCA
-H 0
S   3  1.00
    1.3010701000E+01    3.9111337937E-02
    1.9622572000E+00    2.8558095646E-01
    4.4453796000E-01    7.6899980591E-01
S   1  1.00
    1.2194962000E-01    1.0000000000E+00
P   1  1.00
    8.0000000000E-01    1.0000000000E+00
****
-He 0
S   3  1.00
    3.8354936740E+01    4.0209521517E-02
    5.7689081500E+00    2.6142496160E-01
    1.2399407000E+00    7.9300202261E-01
S   1  1.00
    2.9757816000E-01    1.0000000000E+00
P   1  1.00
    1.0000000000E+00    1.0000000000E+00
S   1  1.00
    9.9192720000E-02    1.0000000000E+00
P   1  1.00
    3.3333333300E-01    1.0000000000E+00
****
-Li 0
S   5  1.00
    2.6627785516E+02    6.4266806944E-03
    4.0069783450E+01    4.7131515484E-02
    9.0559944400E+00    1.9998842870E-01
    2.4503009100E+00    4.7672671267E-01
    7.2209572000E-01    4.2437959089E-01
S   1  1.00
    5.2810880000E-02    1.0000000000E+00
S   1  1.00
    2.0960950000E-02    1.0000000000E+00
P   2  1.00
    1.4500000000E+00    2.2491232740E-01
    3.0000000000E-01    8.6973057717E-01
P   1  1.00
    8.2000000000E-02    1.0000000000E+00
S   1  1.00
    6.9869830000E-03    1.0000000000E+00
P   1  1.00
    2.7333333000E-02    1.0000000000E+00
****
-Be 0
S   5  1.00
    5.1518616125E+02    5.9877545775E-03
    7.7511037600E+01    4.4056186187E-02
    1.7552481690E+01    1.9158116586E-01
    4.8028940600E+00    4.7026652413E-01
    1.4516214300E+00    4.3683414050E-01
S   1  1.00
    1.3281634000E-01    1.0000000000E+00
S   1  1.00
    4.5837370000E-02    1.0000000000E+00
P   3  1.00
    3.6316917150E+00   -4.5461968587E-02
    7.1695694400E-01   -2.6427654321E-01
    1.9541932900E-01   -8.0488419844E-01
P   1  1.00
    6.0515466000E-02    1.0000000000E+00
S   1  1.00
    1.5279123000E-02    1.0000000000E+00
P   1  1.00
    2.0171822000E-02    1.0000000000E+00
****
-B 0
S   5  1.00
    8.3931830086E+02    5.8102233422E-03
    1.2626464843E+02    4.2778538308E-02
    2.8620600760E+01    1.8823501053E-01
    7.8793722700E+00    4.6840616980E-01
    2.4088857200E+00    4.4074674298E-01
S   1  1.00
    2.5105109000E-01    1.0000000000E+00
S   1  1.00
    8.3648870000E-02    1.0000000000E+00
P   3  1.00
    6.0332223600E+00    5.4136574980E-02
    1.2499157900E+00    3.0209685702E-01
    3.3871676000E-01    7.7154500744E-01
P   1  1.00
    9.6415630000E-02    1.0000000000E+00
D   1  1.00
    5.0000000000E-01    1.0000000000E+00
S   1  1.00
    2.7882957000E-02    1.0000000000E+00
P   1  1.00
    3.2138543000E-02    1.0000000000E+00
****
-C 0
S   5  1.00
    1.2384016938E+03    5.7274082955E-03
    1.8629004992E+02    4.2136000601E-02
    4.2251176350E+01    1.8664356327E-01
    1.1676557930E+01    4.6782581583E-01
    3.5930506500E+00    4.4212282932E-01
S   1  1.00
    4.0245147000E-01    1.0000000000E+00
S   1  1.00
    1.3090183000E-01    1.0000000000E+00
P   3  1.00
    9.4680970600E+00    5.7012252800E-02
    2.0103545100E+00    3.1304762160E-01
    5.4771005000E-01    7.6051888726E-01
P   1  1.00
    1.5268614000E-01    1.0000000000E+00
D   1  1.00
    8.0000000000E-01    1.0000000000E+00
S   1  1.00
    4.3633943000E-02    1.0000000000E+00
P   1  1.00
    5.0895380000E-02    1.0000000000E+00
****
-N 0
S   5  1.00
    1.7128415853E+03    5.6879031617E-03
    2.5764812677E+02    4.1774548503E-02
    5.8458245850E+01    1.8577926848E-01
    1.6198367910E+01    4.6767525622E-01
    5.0052600800E+00    4.4259801284E-01
S   1  1.00
    5.8731857000E-01    1.0000000000E+00
S   1  1.00
    1.8764592000E-01    1.0000000000E+00
P   3  1.00
    1.3571470230E+01    5.9003382034E-02
    2.9257372900E+00    3.2038443273E-01
    7.9927751000E-01    7.5311183342E-01
P   1  1.00
    2.1954348000E-01    1.0000000000E+00
D   1  1.00
    1.0000000000E+00    1.0000000000E+00
S   1  1.00
    6.2548640000E-02    1.0000000000E+00
P   1  1.00
    7.3181160000E-02    1.0000000000E+00
****
-O 0
S   5  1.00
    2.2661767785E+03    5.6636227483E-03
    3.4087010191E+02    4.1496729776E-02
    7.7363135170E+01    1.8504416736E-01
    2.1479644940E+01    4.6731605692E-01
    6.6589433100E+00    4.4328120246E-01
S   1  1.00
    8.0975976000E-01    1.0000000000E+00
S   1  1.00
    2.5530772000E-01    1.0000000000E+00
P   3  1.00
    1.7721504320E+01    6.2827957276E-02
    3.8635505400E+00    3.3350017886E-01
    1.0480920900E+00    7.4125407262E-01
P   1  1.00
    2.7641544000E-01    1.0000000000E+00
D   1  1.00
    1.2000000000E+00    1.0000000000E+00
S   1  1.00
    8.5102573000E-02    1.0000000000E+00
P   1  1.00
    9.2138480000E-02    1.0000000000E+00
****
-F 0
S   5  1.00
    2.8948325990E+03    5.7389504323E-03
    4.3541939120E+02    4.2109114447E-02
    9.8843328870E+01    1.8650550919E-01
    2.7485198000E+01    5.0511383702E-01
    8.5405498200E+00    3.9991422465E-01
S   1  1.00
    1.0654578000E+00    1.0000000000E+00
S   1  1.00
    3.3247347000E-01    1.0000000000E+00
P   3  1.00
    2.2696633920E+01    4.5725077375E-02
    4.9872339300E+00    2.7476879226E-01
    1.3491614000E+00    7.9599483450E-01
P   1  1.00
    3.4829882000E-01    1.0000000000E+00
D   1  1.00
    1.4000000000E+00    1.0000000000E+00
S   1  1.00
    1.1082449000E-01    1.0000000000E+00
P   1  1.00
    1.1609960700E-01    1.0000000000E+00
****
-Ne 0
S   5  1.00
    3.5989736625E+03    5.6710604723E-03
    5.4132073112E+02    4.1281526429E-02
    1.2290450062E+02    1.8447851241E-01
    3.4216617020E+01    4.6726733183E-01
    1.0650584120E+01    4.4333455401E-01
S   1  1.00
    1.3545954000E+00    1.0000000000E+00
S   1  1.00
    4.1919363000E-01    1.0000000000E+00
P   3  1.00
    2.8424053790E+01    6.6430925923E-02
    6.2822511000E+00    3.4489475339E-01
    1.6978715100E+00    7.3034429304E-01
P   1  1.00
    4.3300700000E-01    1.0000000000E+00
D   1  1.00
    1.8880000000E+00    1.0000000000E+00
S   1  1.00
    1.3973121000E-01    1.0000000000E+00
P   1  1.00
    1.4433566700E-01    1.0000000000E+00
****
-Na 0
S   5  1.00
    4.0982003908E+03    6.3672935514E-03
    6.1649374031E+02    4.6029766564E-02
    1.3996644001E+02    2.0384875655E-01
    3.9073441050E+01    4.9046873660E-01
    1.1929847210E+01    4.0067304063E-01
S   1  1.00
    2.0659966030E+01    1.0000000000E+00
S   1  1.00
    1.9838861000E+00    1.0000000000E+00
S   1  1.00
    6.4836324000E-01    1.0000000000E+00
S   1  1.00
    5.2443970000E-02    1.0000000000E+00
S   1  1.00
    2.8048160000E-02    1.0000000000E+00
P   5  1.00
    7.5401862020E+01    1.5611174102E-02
    1.7274818980E+01    1.0006940690E-01
    5.1842347400E+00    3.1236287809E-01
    1.6601212000E+00    4.9291758523E-01
    5.1232529000E-01    3.2372698553E-01
P   1  1.00
    5.2000000000E-02    1.0000000000E+00
D   1  1.00
    1.3100000000E-01    1.0000000000E+00
S   1  1.00
    9.3493870000E-03    1.0000000000E+00
P   1  1.00
    1.7333333000E-02    1.0000000000E+00
****
-Mg 0
S   5  1.00
    4.9538339196E+03    6.3281576315E-03
    7.4518044154E+02    4.5567859442E-02
    1.6921604972E+02    2.0205491717E-01
    4.7300672020E+01    4.8876208710E-01
    1.4461336970E+01    4.0414656864E-01
S   1  1.00
    2.4768174790E+01    1.0000000000E+00
S   1  1.00
    2.4940945300E+00    1.0000000000E+00
S   1  1.00
    8.7807585000E-01    1.0000000000E+00
S   1  1.00
    8.7212780000E-02    1.0000000000E+00
S   1  1.00
    3.3599290000E-02    1.0000000000E+00
P   5  1.00
    9.8053010490E+01    1.4692923400E-02
    2.2586932280E+01    9.5924880304E-02
    6.8391509800E+00    3.0822993670E-01
    2.2332843800E+00    4.9950788380E-01
    7.1606599000E-01    3.1416596052E-01
P   1  1.00
    1.8914796200E-01    1.0000000000E+00
P   1  1.00
    5.3768755000E-02    1.0000000000E+00
D   1  1.00
    1.0100000000E-01    1.0000000000E+00
S   1  1.00
    1.1199763000E-02    1.0000000000E+00
P   1  1.00
    1.7922918000E-02    1.0000000000E+00
****
-Al 0
S   5  1.00
    5.8875727030E+03    6.3116509532E-03
    8.8561225996E+02    4.5246330375E-02
    2.0113604899E+02    2.0072932294E-01
    5.6284974670E+01    4.8735607166E-01
    1.7229551240E+01    4.0682400436E-01
S   1  1.00
    2.9340249920E+01    1.0000000000E+00
S   1  1.00
    3.0439630400E+00    1.0000000000E+00
S   1  1.00
    1.1285539500E+00    1.0000000000E+00
S   1  1.00
    1.4234175000E-01    1.0000000000E+00
S   1  1.00
    5.4400190000E-02    1.0000000000E+00
P   5  1.00
    1.4511918809E+02    1.0950338266E-02
    3.3717894830E+01    7.4598251291E-02
    1.0369863080E+01    2.6180986579E-01
    3.5135616000E+00    4.8027454434E-01
    1.1980050300E+00    3.8352228762E-01
P   1  1.00
    2.6583006000E-01    1.0000000000E+00
P   1  1.00
    7.1003360000E-02    1.0000000000E+00
D   1  1.00
    3.0000000000E-01    1.0000000000E+00
S   1  1.00
    1.8133397000E-02    1.0000000000E+00
P   1  1.00
    2.3667787000E-02    1.0000000000E+00
****
-Si 0
S   5  1.00
    6.9037118686E+03    6.3069336998E-03
    1.0384346419E+03    4.4990798312E-02
    2.3587581480E+02    1.9957951884E-01
    6.6069385170E+01    4.8604115883E-01
    2.0247945760E+01    4.0922799850E-01
S   1  1.00
    3.4353481730E+01    1.0000000000E+00
S   1  1.00
    3.6370788200E+00    1.0000000000E+00
S   1  1.00
    1.4002048600E+00    1.0000000000E+00
S   1  1.00
    2.0484415000E-01    1.0000000000E+00
S   1  1.00
    7.7994100000E-02    1.0000000000E+00
P   5  1.00
    1.7983907373E+02    1.0397677272E-02
    4.1907258850E+01    7.1620705243E-02
    1.2955294370E+01    2.5651302768E-01
    4.4383267400E+00    4.8116708987E-01
    1.5462247900E+00    3.8463321916E-01
P   1  1.00
    3.5607612000E-01    1.0000000000E+00
P   1  1.00
    1.0008514000E-01    1.0000000000E+00
D   1  1.00
    3.5000000000E-01    1.0000000000E+00
S   1  1.00
    2.5998033000E-02    1.0000000000E+00
P   1  1.00
    3.3361713000E-02    1.0000000000E+00
****
-P 0
S   5  1.00
    8.0024795106E+03    6.3132354164E-03
    1.2036813590E+03    4.4795597752E-02
    2.7344227031E+02    1.9860463005E-01
    7.6655541520E+01    4.8485104883E-01
    2.3516927440E+01    4.1132555013E-01
S   1  1.00
    3.9791683440E+01    1.0000000000E+00
S   1  1.00
    4.2770343300E+00    1.0000000000E+00
S   1  1.00
    1.6940256900E+00    1.0000000000E+00
S   1  1.00
    2.7567675000E-01    1.0000000000E+00
S   1  1.00
    1.0495590000E-01    1.0000000000E+00
P   5  1.00
    2.1950755823E+02    9.8809525980E-03
    5.1274155030E+01    6.8698265701E-02
    1.5921595890E+01    2.5067132067E-01
    5.5069913500E+00    4.8069968061E-01
    1.9537719400E+00    3.8844270160E-01
P   1  1.00
    4.7803398000E-01    1.0000000000E+00
P   1  1.00
    1.3657953000E-01    1.0000000000E+00
D   1  1.00
    4.5000000000E-01    1.0000000000E+00
S   1  1.00
    3.4985300000E-02    1.0000000000E+00
P   1  1.00
    4.5526510000E-02    1.0000000000E+00
****
-S 0
S   5  1.00
    9.1849303010E+03    6.3290788645E-03
    1.3815105503E+03    4.4650233656E-02
    3.1387147580E+02    1.9777488266E-01
    8.8053870620E+01    4.8377165729E-01
    2.7039914910E+01    4.1316169268E-01
S   1  1.00
    4.5648731300E+01    1.0000000000E+00
S   1  1.00
    4.9664522300E+00    1.0000000000E+00
S   1  1.00
    2.0116242000E+00    1.0000000000E+00
S   1  1.00
    3.5661077000E-01    1.0000000000E+00
S   1  1.00
    1.3507221000E-01    1.0000000000E+00
P   5  1.00
    2.6198233439E+02    9.5363151788E-03
    6.1306894740E+01    6.6724905730E-02
    1.9103729890E+01    2.4686263198E-01
    6.6567720400E+00    4.8091451978E-01
    2.3959635200E+00    3.8983481407E-01
P   1  1.00
    6.1776162000E-01    1.0000000000E+00
P   1  1.00
    1.6993377000E-01    1.0000000000E+00
D   1  1.00
    5.5000000000E-01    1.0000000000E+00
S   1  1.00
    4.5024070000E-02    1.0000000000E+00
P   1  1.00
    5.6644590000E-02    1.0000000000E+00
****
-Cl 0
S   5  1.00
    1.0449827566E+04    6.3547329840E-03
    1.5717365221E+03    4.4556330069E-02
    3.5712065523E+02    1.9710325031E-01
    1.0025185935E+02    4.8282583457E-01
    3.0812727550E+01    4.1470032162E-01
S   1  1.00
    5.1923789430E+01    1.0000000000E+00
S   1  1.00
    5.7045761000E+00    1.0000000000E+00
S   1  1.00
    2.3508376800E+00    1.0000000000E+00
S   1  1.00
    4.4605125000E-01    1.0000000000E+00
S   1  1.00
    1.6848856000E-01    1.0000000000E+00
P   5  1.00
    3.0766790569E+02    9.2830762055E-03
    7.2102015510E+01    6.5242936332E-02
    2.2532680260E+01    2.4402226870E-01
    7.8991765400E+00    4.8136518354E-01
    2.8767268300E+00    3.9033552048E-01
P   1  1.00
    7.7459364000E-01    1.0000000000E+00
P   1  1.00
    2.1037700000E-01    1.0000000000E+00
D   1  1.00
    6.5000000000E-01    1.0000000000E+00
S   1  1.00
    5.6162853000E-02    1.0000000000E+00
P   1  1.00
    7.0125667000E-02    1.0000000000E+00
****
-Ar 0
S   5  1.00
    1.1797119765E+04    6.3894545761E-03
    1.7743522753E+03    4.4508427256E-02
    4.0318875733E+02    1.9657203976E-01
    1.1324933999E+02    4.8199881432E-01
    3.4835298190E+01    4.1597479573E-01
S   1  1.00
    5.8614775040E+01    1.0000000000E+00
S   1  1.00
    6.4922045100E+00    1.0000000000E+00
S   1  1.00
    2.7117014400E+00    1.0000000000E+00
S   1  1.00
    5.4412975000E-01    1.0000000000E+00
S   1  1.00
    2.0517411000E-01    1.0000000000E+00
P   5  1.00
    3.5628707256E+02    9.1050985845E-03
    8.3593132870E+01    6.4177678660E-02
    2.6186704030E+01    2.4206531225E-01
    9.2257275900E+00    4.8217463011E-01
    3.3922755000E+00    3.8982240718E-01
P   1  1.00
    9.4740534000E-01    1.0000000000E+00
P   1  1.00
    2.5659135000E-01    1.0000000000E+00
D   1  1.00
    6.9600000000E-01    1.0000000000E+00
S   1  1.00
    6.8391370000E-02    1.0000000000E+00
P   1  1.00
    8.5530450000E-02    1.0000000000E+00
****
-K 0
S   6  1.00
    3.1478746764E+04    2.2907653340E-03
    4.7268876066E+03    1.5822347593E-02
    1.0754345353E+03    7.4783102476E-02
    3.0339811023E+02    2.5097431316E-01
    9.8327112830E+01    4.7446218154E-01
    3.3636222180E+01    3.3031920612E-01
S   1  1.00
    6.5639209960E+01    1.0000000000E+00
S   1  1.00
    7.3162592200E+00    1.0000000000E+00
S   1  1.00
    2.8902580100E+00    1.0000000000E+00
S   1  1.00
    4.5459749000E+00    1.0000000000E+00
S   1  1.00
    7.0404124000E-01    1.0000000000E+00
S   1  1.00
    2.8266889000E-01    1.0000000000E+00
S   1  1.00
    2.9058160000E-02    1.0000000000E+00
S   1  1.00
    1.2111640000E-02    1.0000000000E+00
P   5  1.00
    3.6122492154E+02    1.0804546282E-02
    8.4670222170E+01    7.5237337979E-02
    2.6469088240E+01    2.7227634298E-01
    9.2658077600E+00    5.0862302677E-01
    3.3423388300E+00    3.2687939832E-01
P   1  1.00
    1.5100876100E+00    1.0000000000E+00
P   1  1.00
    5.6568375000E-01    1.0000000000E+00
P   1  1.00
    2.0817008000E-01    1.0000000000E+00
P   1  1.00
    4.1737000000E-02    1.0000000000E+00
D   1  1.00
    3.5300000000E-01    1.0000000000E+00
D   1  1.00
    9.8000000000E-02    1.0000000000E+00
S   1  1.00
    4.0372130000E-03    1.0000000000E+00
P   1  1.00
    1.3912333000E-02    1.0000000000E+00
****
-Ca 0
S   6  1.00
    3.5138713929E+04    2.3179353710E-03
    5.2764111348E+03    1.5846568573E-02
    1.2004692589E+03    7.4636289668E-02
    3.3871810542E+02    2.5025842133E-01
    1.0985385922E+02    4.7372338939E-01
    3.7608880300E+01    3.3182941464E-01
S   1  1.00
    7.3107977550E+01    1.0000000000E+00
S   1  1.00
    8.2407705700E+00    1.0000000000E+00
S   1  1.00
    3.2959813000E+00    1.0000000000E+00
S   1  1.00
    5.2341800900E+00    1.0000000000E+00
S   1  1.00
    8.4187221000E-01    1.0000000000E+00
S   1  1.00
    3.6510294000E-01    1.0000000000E+00
S   1  1.00
    5.1222400000E-02    1.0000000000E+00
S   1  1.00
    1.9825110000E-02    1.0000000000E+00
P   5  1.00
    4.1311313893E+02    1.0552988701E-02
    9.6935786220E+01    7.3659693777E-02
    3.0372154660E+01    2.6895737956E-01
    1.0684776830E+01    5.0801346590E-01
    3.8821258300E+00    3.3021642155E-01
P   1  1.00
    1.7993016300E+00    1.0000000000E+00
P   1  1.00
    6.9189057000E-01    1.0000000000E+00
P   1  1.00
    2.6364024000E-01    1.0000000000E+00
P   1  1.00
    7.4979000000E-02    1.0000000000E+00
D   3  1.00
    5.4979093880E+00    1.1600475715E-01
    1.3177128030E+00    4.0968611068E-01
    3.2188682700E-01    7.1131074613E-01
D   1  1.00
    7.0528615000E-02    1.0000000000E+00
S   1  1.00
    6.6083700000E-03    1.0000000000E+00
P   1  1.00
    2.4993000000E-02    1.0000000000E+00
****
-Sc 0
S   6  1.00
    3.8956081804E+04    2.3513751533E-03
    5.8495733637E+03    1.5906485263E-02
    1.3308813154E+03    7.4634423031E-02
    3.7555534165E+02    2.4990564739E-01
    1.2187261370E+02    4.7319023799E-01
    4.1760243730E+01    3.3264365190E-01
S   1  1.00
    8.1060633950E+01    1.0000000000E+00
S   1  1.00
    9.2059824000E+00    1.0000000000E+00
S   1  1.00
    3.7063215700E+00    1.0000000000E+00
S   1  1.00
    5.9888910000E+00    1.0000000000E+00
S   1  1.00
    9.7363432000E-01    1.0000000000E+00
S   1  1.00
    4.2041019000E-01    1.0000000000E+00
S   1  1.00
    5.9440550000E-02    1.0000000000E+00
S   1  1.00
    2.2897810000E-02    1.0000000000E+00
P   5  1.00
    4.6631481262E+02    1.0424246208E-02
    1.0951217097E+02    7.2823490067E-02
    3.4375921830E+01    2.6749006007E-01
    1.2142096960E+01    5.0821208919E-01
    4.4336767700E+00    3.3071027818E-01
P   1  1.00
    2.0971291900E+00    1.0000000000E+00
P   1  1.00
    8.0977607000E-01    1.0000000000E+00
P   1  1.00
    3.0834047000E-01    1.0000000000E+00
D   4  1.00
    1.9240334930E+01    3.3131155936E-02
    5.1178995900E+00    1.6881119906E-01
    1.6554278800E+00    4.2737795344E-01
    5.4016356000E-01    5.9861150692E-01
D   1  1.00
    1.6211215000E-01    1.0000000000E+00
P   1  1.00
    8.9748000000E-02    1.0000000000E+00
F   1  1.00
    3.4500000000E-01    1.0000000000E+00
S   1  1.00
    7.6326030000E-03    1.0000000000E+00
P   1  1.00
    2.9916000000E-02    1.0000000000E+00
****
-Ti 0
S   6  1.00
    4.2961512185E+04    2.3886289487E-03
    6.4509759169E+03    1.5984412138E-02
    1.4677210915E+03    7.4697423277E-02
    4.1420997355E+02    2.4969899766E-01
    1.3448715840E+02    4.7273715545E-01
    4.6122209800E+01    3.3318155581E-01
S   1  1.00
    8.9447762540E+01    1.0000000000E+00
S   1  1.00
    1.0223346060E+01    1.0000000000E+00
S   1  1.00
    4.1353774300E+00    1.0000000000E+00
S   1  1.00
    6.7896181500E+00    1.0000000000E+00
S   1  1.00
    1.1106730700E+00    1.0000000000E+00
S   1  1.00
    4.7565976000E-01    1.0000000000E+00
S   1  1.00
    6.5986960000E-02    1.0000000000E+00
S   1  1.00
    2.5210340000E-02    1.0000000000E+00
P   5  1.00
    5.2203684782E+02    1.0341582711E-02
    1.2268649489E+02    7.2241920822E-02
    3.8572903610E+01    2.6658199163E-01
    1.3672169320E+01    5.0851535889E-01
    5.0118529400E+00    3.3059306442E-01
P   1  1.00
    2.4131928300E+00    1.0000000000E+00
P   1  1.00
    9.3252270000E-01    1.0000000000E+00
P   1  1.00
    3.5429058000E-01    1.0000000000E+00
D   4  1.00
    2.3465125960E+01    3.2316023484E-02
    6.3332593800E+00    1.6751301880E-01
    2.0766489900E+00    4.2907946410E-01
    6.9027362000E-01    5.9343804691E-01
D   1  1.00
    2.1088739000E-01    1.0000000000E+00
P   1  1.00
    1.0156100000E-01    1.0000000000E+00
F   1  1.00
    5.6200000000E-01    1.0000000000E+00
S   1  1.00
    8.4034470000E-03    1.0000000000E+00
P   1  1.00
    3.3853667000E-02    1.0000000000E+00
****
-V 0
S   6  1.00
    4.7160376060E+04    2.4292230619E-03
    7.0814110871E+03    1.6076789657E-02
    1.6111621223E+03    7.4809526280E-02
    4.5472940551E+02    2.4959806770E-01
    1.4771321208E+02    4.7234153624E-01
    5.0699538950E+01    3.3352104684E-01
S   1  1.00
    9.8262492670E+01    1.0000000000E+00
S   1  1.00
    1.1294293100E+01    1.0000000000E+00
S   1  1.00
    4.5853360100E+00    1.0000000000E+00
S   1  1.00
    7.6359689600E+00    1.0000000000E+00
S   1  1.00
    1.2539836700E+00    1.0000000000E+00
S   1  1.00
    5.3271935000E-01    1.0000000000E+00
S   1  1.00
    7.2246240000E-02    1.0000000000E+00
S   1  1.00
    2.7358090000E-02    1.0000000000E+00
P   5  1.00
    5.8055044988E+02    1.0286931908E-02
    1.3652341127E+02    7.1805222976E-02
    4.2983958820E+01    2.6596041500E-01
    1.5282798760E+01    5.0881320270E-01
    5.6202495200E+00    3.3026065918E-01
P   1  1.00
    2.7485386400E+00    1.0000000000E+00
P   1  1.00
    1.0618550100E+00    1.0000000000E+00
P   1  1.00
    4.0235519000E-01    1.0000000000E+00
D   4  1.00
    2.7358434020E+01    3.2263492011E-02
    7.4540604300E+00    1.6886207742E-01
    2.4633917800E+00    4.3178631581E-01
    8.2480925000E-01    5.8793037343E-01
D   1  1.00
    2.5257905000E-01    1.0000000000E+00
P   1  1.00
    1.1124800000E-01    1.0000000000E+00
F   1  1.00
    8.3100000000E-01    1.0000000000E+00
S   1  1.00
    9.1193630000E-03    1.0000000000E+00
P   1  1.00
    3.7082667000E-02    1.0000000000E+00
****
-Cr 0
S   6  1.00
    5.1528086349E+04    2.4740418982E-03
    7.7372103487E+03    1.6189357373E-02
    1.7603748470E+03    7.4995173814E-02
    4.9687706544E+02    2.4966891986E-01
    1.6146520598E+02    4.7205263872E-01
    5.5466352270E+01    3.3352153154E-01
S   1  1.00
    1.0754732999E+02    1.0000000000E+00
S   1  1.00
    1.2408671900E+01    1.0000000000E+00
S   1  1.00
    5.0423628800E+00    1.0000000000E+00
S   1  1.00
    8.5461640200E+00    1.0000000000E+00
S   1  1.00
    1.3900441200E+00    1.0000000000E+00
S   1  1.00
    5.6066603000E-01    1.0000000000E+00
S   1  1.00
    7.1483710000E-02    1.0000000000E+00
S   1  1.00
    2.8250690000E-02    1.0000000000E+00
P   5  1.00
    6.4048536096E+02    1.0289047333E-02
    1.5069711194E+02    7.1707490926E-02
    4.7503755300E+01    2.6615247290E-01
    1.6934120170E+01    5.0955850166E-01
    6.2409680600E+00    3.2858851923E-01
P   1  1.00
    3.0885463200E+00    1.0000000000E+00
P   1  1.00
    1.1791047800E+00    1.0000000000E+00
P   1  1.00
    4.3369774000E-01    1.0000000000E+00
D   4  1.00
    2.7559479430E+01    3.7446989870E-02
    7.4687020300E+00    1.9043180833E-01
    2.4345903600E+00    4.5185348944E-01
    7.8244755000E-01    5.6090922953E-01
D   1  1.00
    2.1995774000E-01    1.0000000000E+00
P   1  1.00
    1.2067500000E-01    1.0000000000E+00
F   1  1.00
    1.1470000000E+00    1.0000000000E+00
S   1  1.00
    9.4168970000E-03    1.0000000000E+00
P   1  1.00
    4.0225000000E-02    1.0000000000E+00
****
-Mn 0
S   6  1.00
    5.6137009037E+04    2.5201733671E-03
    8.4292063943E+03    1.6301756262E-02
    1.9178277233E+03    7.5164138891E-02
    5.4136230198E+02    2.4966703334E-01
    1.7600069142E+02    4.7168954016E-01
    6.0500477010E+01    3.3369742254E-01
S   1  1.00
    1.1717282882E+02    1.0000000000E+00
S   1  1.00
    1.3596973370E+01    1.0000000000E+00
S   1  1.00
    5.5483996300E+00    1.0000000000E+00
S   1  1.00
    9.4662853500E+00    1.0000000000E+00
S   1  1.00
    1.5595006100E+00    1.0000000000E+00
S   1  1.00
    6.5230206000E-01    1.0000000000E+00
S   1  1.00
    8.4003730000E-02    1.0000000000E+00
S   1  1.00
    3.1256100000E-02    1.0000000000E+00
P   5  1.00
    7.0600497535E+02    1.0240598408E-02
    1.6619728820E+02    7.1247108021E-02
    5.2452061910E+01    2.6531632756E-01
    1.8746932860E+01    5.0936140019E-01
    6.9282991600E+00    3.2920165265E-01
P   1  1.00
    3.4772204900E+00    1.0000000000E+00
P   1  1.00
    1.3406906400E+00    1.0000000000E+00
P   1  1.00
    5.0498803000E-01    1.0000000000E+00
D   4  1.00
    3.5423264930E+01    3.2440619992E-02
    9.7814221500E+00    1.7202334074E-01
    3.2673488800E+00    4.3617150393E-01
    1.1026472200E+00    5.7912635240E-01
D   1  1.00
    3.3743206000E-01    1.0000000000E+00
P   1  1.00
    1.2765000000E-01    1.0000000000E+00
F   1  1.00
    1.3260000000E+00    1.0000000000E+00
S   1  1.00
    1.0418700000E-02    1.0000000000E+00
P   1  1.00
    4.2550000000E-02    1.0000000000E+00
****
-Fe 0
S   6  1.00
    6.0923640643E+04    2.5700737674E-03
    9.1478893982E+03    1.6430702078E-02
    2.0813505927E+03    7.5389912178E-02
    5.8755977067E+02    2.4979290984E-01
    1.9109043990E+02    4.7140643416E-01
    6.5732730110E+01    3.3362013644E-01
S   1  1.00
    1.2725891928E+02    1.0000000000E+00
S   1  1.00
    1.4830913010E+01    1.0000000000E+00
S   1  1.00
    6.0653307400E+00    1.0000000000E+00
S   1  1.00
    1.0449943710E+01    1.0000000000E+00
S   1  1.00
    1.7245228000E+00    1.0000000000E+00
S   1  1.00
    7.1772177000E-01    1.0000000000E+00
S   1  1.00
    9.1449830000E-02    1.0000000000E+00
S   1  1.00
    3.3706690000E-02    1.0000000000E+00
P   5  1.00
    7.7343750995E+02    1.0232358278E-02
    1.8215149714E+02    7.1025189925E-02
    5.7547272760E+01    2.6503361489E-01
    2.0614988940E+01    5.0953001818E-01
    7.6348557900E+00    3.2881852885E-01
P   1  1.00
    3.8719328000E+00    1.0000000000E+00
P   1  1.00
    1.4924724100E+00    1.0000000000E+00
P   1  1.00
    5.6061285000E-01    1.0000000000E+00
D   4  1.00
    3.8968133420E+01    3.3423888609E-02
    1.0800067080E+01    1.7709500538E-01
    3.6136458000E+00    4.4045163221E-01
    1.2129967900E+00    5.7209499817E-01
D   1  1.00
    3.6524393000E-01    1.0000000000E+00
P   1  1.00
    1.3491500000E-01    1.0000000000E+00
F   1  1.00
    1.5980000000E+00    1.0000000000E+00
S   1  1.00
    1.1235563000E-02    1.0000000000E+00
P   1  1.00
    4.4971667000E-02    1.0000000000E+00
****
-Co 0
S   6  1.00
    6.5902208257E+04    2.6232003129E-03
    9.8953896027E+03    1.6572101996E-02
    2.2514305789E+03    7.5654014666E-02
    6.3561097084E+02    2.4999581185E-01
    2.0678820681E+02    4.7115956528E-01
    7.1179242970E+01    3.3340185999E-01
S   1  1.00
    1.3777268040E+02    1.0000000000E+00
S   1  1.00
    1.6118079240E+01    1.0000000000E+00
S   1  1.00
    6.6030327700E+00    1.0000000000E+00
S   1  1.00
    1.1479915790E+01    1.0000000000E+00
S   1  1.00
    1.8956426300E+00    1.0000000000E+00
S   1  1.00
    7.8466232000E-01    1.0000000000E+00
S   1  1.00
    9.8425770000E-02    1.0000000000E+00
S   1  1.00
    3.5945740000E-02    1.0000000000E+00
P   5  1.00
    8.4364358575E+02    1.0239883152E-02
    1.9876386994E+02    7.0881459131E-02
    6.2854963100E+01    2.6490610612E-01
    2.2562842280E+01    5.0970129690E-01
    8.3713209100E+00    3.2830479362E-01
P   1  1.00
    4.2858719800E+00    1.0000000000E+00
P   1  1.00
    1.6508041800E+00    1.0000000000E+00
P   1  1.00
    6.1834231000E-01    1.0000000000E+00
D   4  1.00
    4.2927867610E+01    3.4043156891E-02
    1.1942533050E+01    1.8051937715E-01
    4.0046495700E+00    4.4331419466E-01
    1.3413193800E+00    5.6697159319E-01
D   1  1.00
    4.0015010000E-01    1.0000000000E+00
P   1  1.00
    1.4130800000E-01    1.0000000000E+00
F   1  1.00
    1.9030000000E+00    1.0000000000E+00
S   1  1.00
    1.1981913000E-02    1.0000000000E+00
P   1  1.00
    4.7102667000E-02    1.0000000000E+00
****
-Ni 0
S   6  1.00
    7.1074803211E+04    2.6794634249E-03
    1.0672020941E+04    1.6725038139E-02
    2.4281389007E+03    7.5951956963E-02
    6.8553595148E+02    2.5026387155E-01
    2.2310072863E+02    4.7094163425E-01
    7.6842014040E+01    3.3306554191E-01
S   1  1.00
    1.4871122016E+02    1.0000000000E+00
S   1  1.00
    1.7459154990E+01    1.0000000000E+00
S   1  1.00
    7.1625280700E+00    1.0000000000E+00
S   1  1.00
    1.2556137130E+01    1.0000000000E+00
S   1  1.00
    2.0735740500E+00    1.0000000000E+00
S   1  1.00
    8.5382641000E-01    1.0000000000E+00
S   1  1.00
    1.0536766000E-01    1.0000000000E+00
S   1  1.00
    3.8134090000E-02    1.0000000000E+00
P   5  1.00
    9.1673608662E+02    1.0259109524E-02
    2.1606139913E+02    7.0791450152E-02
    6.8383914820E+01    2.6487263115E-01
    2.4593843950E+01    5.0985461730E-01
    9.1392960200E+00    3.2774157681E-01
P   1  1.00
    4.7193371700E+00    1.0000000000E+00
P   1  1.00
    1.8161849200E+00    1.0000000000E+00
P   1  1.00
    6.7840751000E-01    1.0000000000E+00
D   4  1.00
    4.7093832110E+01    3.4546120347E-02
    1.3146463970E+01    1.8332336262E-01
    4.4170548900E+00    4.4558019410E-01
    1.4771565100E+00    5.6275955360E-01
D   1  1.00
    4.3735922000E-01    1.0000000000E+00
P   1  1.00
    1.4658800000E-01    1.0000000000E+00
F   1  1.00
    2.1740000000E+00    1.0000000000E+00
S   1  1.00
    1.2711363000E-02    1.0000000000E+00
P   1  1.00
    4.8862667000E-02    1.0000000000E+00
****
-Cu 0
S   6  1.00
    7.6381348056E+04    2.7407354821E-03
    1.1468777499E+04    1.6901543270E-02
    2.6094246495E+03    7.6335686890E-02
    7.3675033098E+02    2.5073507938E-01
    2.3982419958E+02    4.7083775783E-01
    8.2656829250E+01    3.3233770678E-01
S   1  1.00
    1.6013544196E+02    1.0000000000E+00
S   1  1.00
    1.8834177700E+01    1.0000000000E+00
S   1  1.00
    7.7176595700E+00    1.0000000000E+00
S   1  1.00
    1.3710846720E+01    1.0000000000E+00
S   1  1.00
    2.2349895700E+00    1.0000000000E+00
S   1  1.00
    8.7818360000E-01    1.0000000000E+00
S   1  1.00
    8.7187460000E-02    1.0000000000E+00
S   1  1.00
    3.2969110000E-02    1.0000000000E+00
P   5  1.00
    9.9124075782E+02    1.0312693607E-02
    2.3369376116E+02    7.0907173456E-02
    7.4020930930E+01    2.6534390524E-01
    2.6664967450E+01    5.1035173769E-01
    9.9192087500E+00    3.2624716606E-01
P   1  1.00
    5.1519553900E+00    1.0000000000E+00
P   1  1.00
    1.9638205800E+00    1.0000000000E+00
P   1  1.00
    7.1560097000E-01    1.0000000000E+00
D   4  1.00
    4.7335049590E+01    3.8703228459E-02
    1.3161666080E+01    1.9983495695E-01
    4.3693777200E+00    4.5721908730E-01
    1.4132925100E+00    5.4559683731E-01
D   1  1.00
    3.8878001000E-01    1.0000000000E+00
P   1  1.00
    1.5506500000E-01    1.0000000000E+00
F   1  1.00
    2.2330000000E+00    1.0000000000E+00
S   1  1.00
    1.0989703000E-02    1.0000000000E+00
P   1  1.00
    5.1688333000E-02    1.0000000000E+00
****
-Zn 0
S   6  1.00
    8.2000711629E+04    2.8014838169E-03
    1.2312471777E+04    1.7064789347E-02
    2.8013944193E+03    7.6644246938E-02
    7.9099424302E+02    2.5098068220E-01
    2.5756551079E+02    4.7058074948E-01
    8.8814933400E+01    3.3206780481E-01
S   1  1.00
    1.7186353716E+02    1.0000000000E+00
S   1  1.00
    2.0302534780E+01    1.0000000000E+00
S   1  1.00
    8.3464123100E+00    1.0000000000E+00
S   1  1.00
    1.4847536940E+01    1.0000000000E+00
S   1  1.00
    2.4495029500E+00    1.0000000000E+00
S   1  1.00
    9.9845822000E-01    1.0000000000E+00
S   1  1.00
    1.1891308000E-01    1.0000000000E+00
S   1  1.00
    4.2297430000E-02    1.0000000000E+00
P   5  1.00
    1.0715185372E+03    1.0328545112E-02
    2.5269712152E+02    7.0750912417E-02
    8.0100829130E+01    2.6504862411E-01
    2.8903393170E+01    5.1012017396E-01
    1.0768899880E+01    3.2647441830E-01
P   1  1.00
    5.6446212500E+00    1.0000000000E+00
P   1  1.00
    2.1678291300E+00    1.0000000000E+00
P   1  1.00
    8.0540898000E-01    1.0000000000E+00
D   4  1.00
    5.6088939190E+01    3.5277383172E-02
    1.5751908920E+01    1.8750971449E-01
    5.3115812400E+00    4.4886067436E-01
    1.7737904900E+00    5.5628763352E-01
D   1  1.00
    5.1975584000E-01    1.0000000000E+00
P   1  1.00
    1.6245500000E-01    1.0000000000E+00
F   1  1.00
    2.6140000000E+00    1.0000000000E+00
S   1  1.00
    1.4099143000E-02    1.0000000000E+00
P   1  1.00
    5.4151667000E-02    1.0000000000E+00
****
-Ga 0
S   6  1.00
    8.7842126296E+04    2.8647620478E-03
    1.3189496402E+04    1.7234959212E-02
    3.0009482141E+03    7.6965143658E-02
    8.4738425966E+02    2.5123327838E-01
    2.7600980642E+02    4.7032432763E-01
    9.5216672070E+01    3.3178659818E-01
S   1  1.00
    1.8400703968E+02    1.0000000000E+00
S   1  1.00
    2.1827051430E+01    1.0000000000E+00
S   1  1.00
    9.0026963800E+00    1.0000000000E+00
S   1  1.00
    1.6033176940E+01    1.0000000000E+00
S   1  1.00
    2.6707724900E+00    1.0000000000E+00
S   1  1.00
    1.1252834200E+00    1.0000000000E+00
S   1  1.00
    1.5967609000E-01    1.0000000000E+00
S   1  1.00
    5.7643040000E-02    1.0000000000E+00
P   5  1.00
    1.1672665844E+03    1.0184459693E-02
    2.7538062789E+02    6.9516618219E-02
    8.7375073070E+01    2.6174852108E-01
    3.1597254670E+01    5.0747828189E-01
    1.1824122800E+01    3.3275395621E-01
P   1  1.00
    6.2881845100E+00    1.0000000000E+00
P   1  1.00
    2.5199853200E+00    1.0000000000E+00
P   1  1.00
    1.0169726300E+00    1.0000000000E+00
P   1  1.00
    2.4748374000E-01    1.0000000000E+00
P   1  1.00
    6.6685290000E-02    1.0000000000E+00
D   4  1.00
    6.5354237670E+01    3.2709198325E-02
    1.8504656750E+01    1.7845930133E-01
    6.3179620600E+00    4.4299068081E-01
    2.1641389400E+00    5.6328176507E-01
D   1  1.00
    6.6693093000E-01    1.0000000000E+00
D   1  1.00
    2.0700000000E-01    1.0000000000E+00
S   1  1.00
    1.9214347000E-02    1.0000000000E+00
P   1  1.00
    2.2228430000E-02    1.0000000000E+00
****
-Ge 0
S   6  1.00
    9.3889836642E+04    2.9312028051E-03
    1.4097497528E+04    1.7415804956E-02
    3.2075477309E+03    7.7314781982E-02
    9.0576727269E+02    2.5153670024E-01
    2.9511014693E+02    4.7008293052E-01
    1.0184713141E+02    3.3141942490E-01
S   1  1.00
    1.9656719662E+02    1.0000000000E+00
S   1  1.00
    2.3405292520E+01    1.0000000000E+00
S   1  1.00
    9.6839116700E+00    1.0000000000E+00
S   1  1.00
    1.7269736540E+01    1.0000000000E+00
S   1  1.00
    2.8964622200E+00    1.0000000000E+00
S   1  1.00
    1.2553621400E+00    1.0000000000E+00
S   1  1.00
    2.0213081000E-01    1.0000000000E+00
S   1  1.00
    7.3867910000E-02    1.0000000000E+00
P   5  1.00
    1.2592085995E+03    1.0161025319E-02
    2.9715626382E+02    6.9075252028E-02
    9.4353387520E+01    2.6051523589E-01
    3.4176329680E+01    5.0669225241E-01
    1.2816139620E+01    3.3466272598E-01
P   1  1.00
    6.8471029800E+00    1.0000000000E+00
P   1  1.00
    2.7717363900E+00    1.0000000000E+00
P   1  1.00
    1.1458418200E+00    1.0000000000E+00
P   1  1.00
    3.0679632000E-01    1.0000000000E+00
P   1  1.00
    8.9283640000E-02    1.0000000000E+00
D   4  1.00
    7.4782168180E+01    3.0829694809E-02
    2.1310849760E+01    1.7176514054E-01
    7.3464792400E+00    4.3846215447E-01
    2.5656271400E+00    5.6844724481E-01
D   1  1.00
    8.1981773000E-01    1.0000000000E+00
D   1  1.00
    2.4600000000E-01    1.0000000000E+00
S   1  1.00
    2.4622637000E-02    1.0000000000E+00
P   1  1.00
    2.9761213000E-02    1.0000000000E+00
****
-As 0
S   6  1.00
    1.0014652550E+05    3.0007945512E-03
    1.5036861710E+04    1.7606894503E-02
    3.4212902830E+03    7.7690568127E-02
    9.6616965720E+02    2.5188506251E-01
    3.1487394030E+02    4.6985551844E-01
    1.0870823790E+02    3.3097539105E-01
S   1  1.00
    2.0954238950E+02    1.0000000000E+00
S   1  1.00
    2.5038221140E+01    1.0000000000E+00
S   1  1.00
    1.0390964340E+01    1.0000000000E+00
S   1  1.00
    1.8555090090E+01    1.0000000000E+00
S   1  1.00
    3.1281217450E+00    1.0000000000E+00
S   1  1.00
    1.3884885070E+00    1.0000000000E+00
S   1  1.00
    2.4714362100E-01    1.0000000000E+00
S   1  1.00
    9.1429429000E-02    1.0000000000E+00
P   5  1.00
    1.3556443510E+03    1.0138266714E-02
    3.1999929270E+02    6.8626357999E-02
    1.0167734090E+02    2.5920756377E-01
    3.6886323840E+01    5.0589628472E-01
    1.3861115910E+01    3.3666806467E-01
P   1  1.00
    7.4260666910E+00    1.0000000000E+00
P   1  1.00
    3.0316247190E+00    1.0000000000E+00
P   1  1.00
    1.2783078340E+00    1.0000000000E+00
P   1  1.00
    3.7568503400E-01    1.0000000000E+00
P   1  1.00
    1.1394805500E-01    1.0000000000E+00
D   4  1.00
    8.4445514540E+01    2.9386987735E-02
    2.4190416100E+01    1.6659104250E-01
    8.4045015120E+00    4.3487675149E-01
    2.9808970750E+00    5.7237684953E-01
D   1  1.00
    9.7909243400E-01    1.0000000000E+00
D   1  1.00
    2.9300000000E-01    1.0000000000E+00
S   1  1.00
    3.0476476000E-02    1.0000000000E+00
P   1  1.00
    3.7982685000E-02    1.0000000000E+00
****
-Se 0
S   6  1.00
    1.0661220030E+05    3.0736186763E-03
    1.6007604700E+04    1.7808425530E-02
    3.6421699710E+03    7.8093083581E-02
    1.0285912990E+03    2.5227808402E-01
    3.3530298890E+02    4.6963900150E-01
    1.1580129150E+02    3.3045617315E-01
S   1  1.00
    2.2293325020E+02    1.0000000000E+00
S   1  1.00
    2.6726257930E+01    1.0000000000E+00
S   1  1.00
    1.1124501920E+01    1.0000000000E+00
S   1  1.00
    1.9888520060E+01    1.0000000000E+00
S   1  1.00
    3.3668473800E+00    1.0000000000E+00
S   1  1.00
    1.5249277840E+00    1.0000000000E+00
S   1  1.00
    2.9630037900E-01    1.0000000000E+00
S   1  1.00
    1.1009289000E-01    1.0000000000E+00
P   5  1.00
    1.4559068120E+03    1.0124757031E-02
    3.4375101830E+02    6.8226353823E-02
    1.0929554960E+02    2.5798845215E-01
    3.9707711020E+01    5.0519678186E-01
    1.4950185230E+01    3.3846979346E-01
P   1  1.00
    8.0208962090E+00    1.0000000000E+00
P   1  1.00
    3.2934649760E+00    1.0000000000E+00
P   1  1.00
    1.4058602440E+00    1.0000000000E+00
P   1  1.00
    4.5076123200E-01    1.0000000000E+00
P   1  1.00
    1.3353413300E-01    1.0000000000E+00
D   4  1.00
    9.4494024040E+01    2.8198819425E-02
    2.7188185260E+01    1.6229264565E-01
    9.5091567350E+00    4.3180915755E-01
    3.4170516850E+00    5.7566576824E-01
D   1  1.00
    1.1479590080E+00    1.0000000000E+00
D   1  1.00
    3.3800000000E-01    1.0000000000E+00
S   1  1.00
    3.6697630000E-02    1.0000000000E+00
P   1  1.00
    4.4511378000E-02    1.0000000000E+00
****
-Br 0
S   6  1.00
    1.1328638776E+05    3.1497685075E-03
    1.7009626303E+04    1.8020606612E-02
    3.8701842567E+03    7.8521931272E-02
    1.0930357227E+03    2.5271470375E-01
    3.5639721797E+02    4.6943508737E-01
    1.2312539643E+02    3.2986135990E-01
S   1  1.00
    2.3674084007E+02    1.0000000000E+00
S   1  1.00
    2.8468661070E+01    1.0000000000E+00
S   1  1.00
    1.1883443722E+01    1.0000000000E+00
S   1  1.00
    2.1269633312E+01    1.0000000000E+00
S   1  1.00
    3.6129226840E+00    1.0000000000E+00
S   1  1.00
    1.6626648970E+00    1.0000000000E+00
S   1  1.00
    3.4823793200E-01    1.0000000000E+00
S   1  1.00
    1.3019031400E-01    1.0000000000E+00
P   5  1.00
    1.5602801881E+03    1.0117229017E-02
    3.6847859205E+02    6.7853885004E-02
    1.1722978849E+02    2.5680419043E-01
    4.2648909248E+01    5.0453748588E-01
    1.6087225096E+01    3.4019069164E-01
P   1  1.00
    8.6352810060E+00    1.0000000000E+00
P   1  1.00
    3.5613665500E+00    1.0000000000E+00
P   1  1.00
    1.5292626610E+00    1.0000000000E+00
P   1  1.00
    5.3064294900E-01    1.0000000000E+00
P   1  1.00
    1.5702759000E-01    1.0000000000E+00
D   4  1.00
    1.0485518642E+02    2.7231307998E-02
    3.0281143688E+01    1.5877212585E-01
    1.0651394267E+01    4.2926976877E-01
    3.8699456230E+00    5.7830297835E-01
D   1  1.00
    1.3240876760E+00    1.0000000000E+00
D   1  1.00
    3.8900000000E-01    1.0000000000E+00
S   1  1.00
    4.3396771000E-02    1.0000000000E+00
P   1  1.00
    5.2342530000E-02    1.0000000000E+00
****
-Kr 0
S   6  1.00
    1.2016564880E+05    3.2293754141E-03
    1.8042500170E+04    1.8243916302E-02
    4.1051800390E+03    7.8980687244E-02
    1.1594447250E+03    2.5320450572E-01
    3.7813810350E+02    4.6924502682E-01
    1.3067610050E+02    3.2917583559E-01
S   1  1.00
    2.5096373350E+02    1.0000000000E+00
S   1  1.00
    3.0265930380E+01    1.0000000000E+00
S   1  1.00
    1.2668110760E+01    1.0000000000E+00
S   1  1.00
    2.2697940100E+01    1.0000000000E+00
S   1  1.00
    3.8673017400E+00    1.0000000000E+00
S   1  1.00
    1.8013706670E+00    1.0000000000E+00
S   1  1.00
    4.0308639100E-01    1.0000000000E+00
S   1  1.00
    1.5170527800E-01    1.0000000000E+00
P   5  1.00
    1.6685736620E+03    1.0117482744E-02
    3.9413862800E+02    6.7519950815E-02
    1.2546644850E+02    2.5569009916E-01
    4.5704992730E+01    5.0392359189E-01
    1.7270133230E+01    3.4178568967E-01
P   1  1.00
    9.2699487770E+00    1.0000000000E+00
P   1  1.00
    3.8364617720E+00    1.0000000000E+00
P   1  1.00
    1.6467163310E+00    1.0000000000E+00
P   1  1.00
    6.1479686500E-01    1.0000000000E+00
P   1  1.00
    1.8319467400E-01    1.0000000000E+00
D   4  1.00
    1.1555868600E+02    2.6424585924E-02
    3.3477985860E+01    1.5582101067E-01
    1.1834450210E+01    4.2712718485E-01
    4.3408254890E+00    5.8046443361E-01
D   1  1.00
    1.5079273160E+00    1.0000000000E+00
D   1  1.00
    4.4300000000E-01    1.0000000000E+00
S   1  1.00
    5.0568426000E-02    1.0000000000E+00
P   1  1.00
    6.1064891000E-02    1.0000000000E+00
****


