! Basis data obtained from ORCA. Converted via mkl2gjf.
! Basis name : MINIX
! Basis description : basis set used for HF-3c.
!
!------------------------------------------------
! status : published
! type : orbital (def2-ECP since Rb)
!------------------------------------------------
!
! Elements                             References
! --------                             ----------
! H-Rn                                 Please cite ORCA
-H 0
S   3  1.00
    7.0340630000E+00    7.0452012581E-02
    1.0647560000E+00    4.0782607205E-01
    2.3655900000E-01    6.4775211245E-01
****
-He 0
S   3  1.00
    1.3626736000E+01    8.0240952719E-02
    1.9993490000E+00    4.0914275884E-01
    3.8299300000E-01    6.5727761347E-01
****
-Li 0
S   3  1.00
    3.5046150000E+01    7.3760068077E-02
    5.2016900000E+00    3.9747136714E-01
    1.0562400000E+00    6.6509261434E-01
S   3  1.00
    8.5125300000E-01   -9.3970101583E-02
    8.3951000000E-02    5.7010061488E-01
    3.2554000000E-02    4.9975054503E-01
P   1  1.00
    1.0000000000E-01    1.0000000000E+00
****
-Be 0
S   3  1.00
    6.6953540000E+01    7.0200010960E-02
    9.9392900000E+00    3.9191006123E-01
    2.0571300000E+00    6.6997010488E-01
S   3  1.00
    2.3348560000E+00   -8.2819989037E-02
    1.9697600000E-01    5.5755292803E-01
    6.7449000000E-02    5.1604292950E-01
P   1  1.00
    2.5000000000E-01    1.0000000000E+00
****
-B 0
S   3  1.00
    1.0843704000E+02    6.8650986474E-02
    1.6120560000E+01    3.8993292322E-01
    3.3734300000E+00    6.7139486780E-01
S   3  1.00
    4.4578540000E+00   -8.2419008897E-02
    3.6931500000E-01    5.5906405964E-01
    1.2255500000E-01    5.1679505502E-01
P   3  1.00
    3.2148920000E+00    1.0590000194E-01
    6.4613600000E-01    4.5718000862E-01
    1.5391600000E-01    6.3186100889E-01
****
-C 0
S   3  1.00
    1.5317226000E+02    7.0740009524E-02
    2.3073030000E+01    3.9538005327E-01
    4.9232900000E+00    6.6331108921E-01
S   3  1.00
    6.6166120000E+00   -8.1379988404E-02
    5.2585600000E-01    5.7485291790E-01
    1.6995800000E-01    5.0241292628E-01
P   3  1.00
    4.9129200000E+00    1.0993092757E-01
    9.9761600000E-01    4.6271269513E-01
    2.3268500000E-01    6.2751358616E-01
****
-N 0
S   3  1.00
    2.1836449000E+02    6.7870009993E-02
    3.2598890000E+01    3.9020205744E-01
    6.9173900000E+00    6.7008309868E-01
S   3  1.00
    8.9194260000E+00   -8.0889971169E-02
    7.0614100000E-01    5.6720179817E-01
    2.2505400000E-01    5.1109181794E-01
P   3  1.00
    6.5562720000E+00    1.1591897532E-01
    1.3490790000E+00    4.6995790007E-01
    3.1220900000E-01    6.1844786689E-01
****
-O 0
S   3  1.00
    2.8186658000E+02    6.9060029105E-02
    4.2416000000E+01    3.9315916577E-01
    9.0956200000E+00    6.6566928060E-01
S   3  1.00
    1.1789326000E+01   -8.0819929685E-02
    9.1289400000E-01    5.8208949332E-01
    2.8666100000E-01    4.9715956718E-01
P   3  1.00
    8.2741400000E+00    1.2427100256E-01
    1.7154630000E+00    4.7659400972E-01
    3.8301300000E-01    6.1304401369E-01
****
-F 0
S   3  1.00
    3.6837112000E+02    6.7040026822E-02
    5.5061060000E+01    3.8924915572E-01
    1.1747670000E+01    6.7078826826E-01
S   3  1.00
    1.5364708000E+01   -8.0550017273E-02
    1.1675460000E+00    5.8772912578E-01
    3.6314100000E-01    4.9197910675E-01
P   3  1.00
    1.0725667000E+01    1.2626995447E-01
    2.2258170000E+00    4.7794782765E-01
    4.8610500000E-01    6.1400777947E-01
****
-Ne 0
S   3  1.00
    4.5695285000E+02    6.6910028902E-02
    6.8365430000E+01    3.8934916813E-01
    1.4619760000E+01    6.7051828948E-01
S   3  1.00
    1.9327190000E+01   -8.0249985557E-02
    1.4418200000E+00    5.9529789328E-01
    4.4408000000E-01    4.8486791347E-01
P   3  1.00
    1.3352520000E+01    1.2883999809E-01
    2.7794700000E+00    4.8044099286E-01
    6.0097000000E-01    6.1167199133E-01
****
-Na 0
S   3  1.00
    5.4276053000E+02    6.8410015550E-02
    8.1959470000E+01    3.9209208912E-01
    1.7723770000E+01    6.6608415139E-01
S   3  1.00
    2.3280420000E+01   -8.3801005819E-02
    1.8683400000E+00    5.8279404007E-01
    6.2325000000E-01    4.9247403356E-01
S   3  1.00
    6.1761100000E-01   -1.1576220657E-01
    6.5219000000E-02    6.9586423785E-01
    2.5351000000E-02    3.8104768505E-01
P   3  1.00
    1.7836360000E+01    1.2571006436E-01
    3.7956900000E+00    4.8046124591E-01
    8.7751000000E-01    6.0228130862E-01
P   1  1.00
    5.0000000000E-02    1.0000000000E+00
****
-Mg 0
S   3  1.00
    6.5064336700E+02    6.8030033826E-02
    9.8370780000E+01    3.9073819428E-01
    2.1322490000E+01    6.6726733183E-01
S   3  1.00
    2.7977380000E+01   -8.6720032420E-02
    2.3265200000E+00    5.8569721951E-01
    8.1808000000E-01    4.8649718168E-01
S   3  1.00
    1.0847510000E+00   -1.2765095013E-01
    1.1831400000E-01    6.5077274372E-01
    4.3124000000E-02    4.3627182651E-01
P   3  1.00
    2.3216620000E+01    1.2146002498E-01
    5.0022200000E+00    4.7929109856E-01
    1.2046500000E+00    5.9894212312E-01
P   1  1.00
    2.0000000000E-01    1.0000000000E+00
****
-Al 0
S   3  1.00
    7.7744334000E+02    6.6886973970E-02
    1.1723153000E+02    3.8776784910E-01
    2.5376297000E+01    6.7070273902E-01
S   3  1.00
    3.3356253000E+01   -8.8955954438E-02
    2.8013150000E+00    6.0106069181E-01
    1.0227330000E+00    4.6878575913E-01
S   3  1.00
    1.6852460000E+00   -1.5138907903E-01
    2.0496900000E-01    6.5938634406E-01
    7.4790000000E-02    4.3869322764E-01
P   3  1.00
    3.0569580000E+01    1.1235300950E-01
    6.6447010000E+00    4.6746703949E-01
    1.6543950000E+00    6.0978205136E-01
P   3  1.00
    5.6613000000E-02    3.9646970184E-01
    3.7992000000E-01    2.2643282630E-01
    1.4688100000E-01    5.0058561639E-01
D   1  1.00
    3.0000000000E-01    1.0000000000E+00
****
-Si 0
S   3  1.00
    9.0923487000E+02    6.6405007748E-02
    1.3712456000E+02    3.8622204509E-01
    2.9714810000E+01    6.7224007848E-01
S   3  1.00
    3.9129423000E+01   -9.0999002056E-02
    3.3359810000E+00    6.1161501407E-01
    1.2512590000E+00    4.5686001094E-01
S   3  1.00
    2.1976490000E+00   -1.6873305464E-01
    2.7592700000E-01    6.7545321899E-01
    1.0042500000E-01    4.2941913799E-01
P   3  1.00
    3.7881761000E+01    1.0875302847E-01
    8.3045980000E+00    4.6351512132E-01
    2.1207920000E+00    6.1133415990E-01
P   3  1.00
    5.4578900000E-01    2.3891313599E-01
    7.6007000000E-02    3.4545320433E-01
    2.0822000000E-01    5.4229530985E-01
D   1  1.00
    3.5000000000E-01    1.0000000000E+00
****
-P 0
S   3  1.00
    1.0532658000E+03    6.5864996911E-02
    1.5879044000E+02    3.8457798194E-01
    3.4424407000E+01    6.7396296834E-01
S   3  1.00
    4.5450377000E+01   -9.2654975176E-02
    3.8999260000E+00    6.2651283235E-01
    1.4885070000E+00    4.4103888230E-01
S   3  1.00
    2.4694830000E+00   -1.8054892409E-01
    3.2087200000E-01    6.8095171498E-01
    1.1683200000E-01    4.2914181746E-01
P   3  1.00
    4.6100019000E+01    1.0538796242E-01
    1.0165057000E+01    4.5971183607E-01
    2.6447940000E+00    6.1371378110E-01
P   3  1.00
    6.7905900000E-01    2.3588502148E-01
    2.5782600000E-01    5.5416005206E-01
    9.2783000000E-02    3.3653002936E-01
D   1  1.00
    4.5000000000E-01    1.0000000000E+00
****
-S 0
S   3  1.00
    1.2014584000E+03    6.5764990804E-02
    1.8139212000E+02    3.8394794633E-01
    3.9404795000E+01    6.7437190577E-01
S   3  1.00
    5.2139030000E+01   -9.4231992012E-02
    4.5287990000E+00    6.3546794618E-01
    1.7549380000E+00    4.3150596373E-01
S   3  1.00
    2.9205260000E+00    1.9004197702E-01
    3.9218700000E-01   -6.8552691700E-01
    1.4269900000E-01   -4.2927194766E-01
P   3  1.00
    5.4644071000E+01    1.0367300873E-01
    1.2122902000E+01    4.5819003860E-01
    3.2065040000E+00    6.1340005174E-01
P   3  1.00
    8.8761500000E-01    2.2943610335E-01
    1.1174300000E-01    3.5370015462E-01
    3.2710000000E-01    5.5296024918E-01
D   1  1.00
    5.5000000000E-01    1.0000000000E+00
****
-Cl 0
S   3  1.00
    1.3620220000E+03    6.5543985029E-02
    2.0581110000E+02    3.8298691251E-01
    4.4772167000E+01    6.7520984577E-01
S   3  1.00
    5.9225732000E+01   -9.5619991880E-02
    5.2139020000E+00    6.4142594536E-01
    2.0473460000E+00    4.2515296400E-01
S   3  1.00
    3.4471240000E+00    1.9640102639E-01
    4.7378500000E-01   -6.9236009303E-01
    1.7132100000E-01   -4.2619305526E-01
P   3  1.00
    6.4099958000E+01    1.0178905937E-01
    1.4287139000E+01    4.5610726603E-01
    3.8281350000E+00    6.1428235835E-01
P   3  1.00
    1.1039040000E+00    2.3590282799E-01
    1.3323600000E-01    3.4659974973E-01
    3.9917800000E-01    5.5806559338E-01
D   1  1.00
    6.5000000000E-01    1.0000000000E+00
****
-Ar 0
S   3  1.00
    1.5369325000E+03    6.5158995101E-02
    2.3217765000E+02    3.8180697129E-01
    5.0521685000E+01    6.7644594913E-01
S   3  1.00
    6.6933949000E+01   -9.6739986208E-02
    5.9185520000E+00    6.5274890720E-01
    2.3393420000E+00    4.1357294143E-01
S   3  1.00
    4.0453070000E+00    2.0073608706E-01
    5.6570100000E-01   -6.9626830264E-01
    2.0406500000E-01   -4.2484318410E-01
P   3  1.00
    7.4352915000E+01    1.0007900540E-01
    1.6631346000E+01    4.5422602449E-01
    4.5039270000E+00    6.1525903311E-01
P   3  1.00
    1.3570910000E+00    2.3727586068E-01
    4.8811300000E-01    5.5835967187E-01
    1.6212600000E-01    3.4616479356E-01
D   1  1.00
    6.9600000000E-01    1.0000000000E+00
****
-K 0
S   6  1.00
    3.1478746764E+04    1.8201331924E-03
    4.7268876066E+03    1.3935527402E-02
    1.0754345353E+03    6.8868384665E-02
    3.0339811023E+02    2.3717785462E-01
    9.8327112831E+01    4.7364156813E-01
    3.3636222177E+01    3.4904866211E-01
S   3  1.00
    6.5639209962E+01   -1.0150216711E-01
    7.3162592220E+00    6.0791202165E-01
    2.8902580140E+00    4.6596577247E-01
S   3  1.00
    4.5459748960E+00   -2.0248264376E-01
    7.0404124100E-01    6.7992486757E-01
    2.8266889000E-01    4.4045640165E-01
S   1  1.00
    2.9058164000E-02    1.0000000000E+00
S   1  1.00
    1.2111638000E-02    1.0000000000E+00
P   5  1.00
    3.6122492154E+02    1.0198449795E-02
    8.4670222166E+01    7.3384819674E-02
    2.6469088236E+01    2.7044374995E-01
    9.2658077610E+00    5.0776489788E-01
    3.3423388290E+00    3.3086073961E-01
P   3  1.00
    1.5100876100E+00    3.0444771339E-01
    5.6568375200E-01    5.5463756715E-01
    2.0817008500E-01    2.6722304461E-01
****
-Ca 0
S   6  1.00
    3.5138713929E+04    1.8047932696E-03
    5.2764111348E+03    1.3820434456E-02
    1.2004692589E+03    6.8347470733E-02
    3.3871810542E+02    2.3585764006E-01
    1.0985385922E+02    4.7263138524E-01
    3.7608880299E+01    3.5169249856E-01
S   3  1.00
    7.3107977555E+01   -1.0253131109E-01
    8.2407705690E+00    6.0920240703E-01
    3.2959812990E+00    4.6439880254E-01
S   3  1.00
    5.2341800910E+00   -2.0530157326E-01
    8.4187220500E-01    6.7791547926E-01
    3.6510294000E-01    4.4100901767E-01
S   1  1.00
    5.1222403000E-02    1.0000000000E+00
S   1  1.00
    1.9825111000E-02    1.0000000000E+00
P   5  1.00
    4.1311313893E+02    9.8844657316E-03
    9.6935786224E+01    7.1628839495E-02
    3.0372154659E+01    2.6689954772E-01
    1.0684776830E+01    5.0769743082E-01
    3.8821258350E+00    3.3384097794E-01
P   3  1.00
    1.7993016290E+00    3.1660444316E-01
    6.9189056500E-01    5.6297957697E-01
    2.6364024100E-01    2.3675767169E-01
****
-Sc 0
S   6  1.00
    3.8956081804E+04    1.7937623737E-03
    5.8495733637E+03    1.3737766241E-02
    1.3308813154E+03    6.7975586260E-02
    3.7555534165E+02    2.3493805587E-01
    1.2187261370E+02    4.7192361358E-01
    4.1760243729E+01    3.5350465110E-01
S   3  1.00
    8.1060633953E+01   -1.0353728426E-01
    9.2059823970E+00    6.1316828309E-01
    3.7063215730E+00    4.6048417531E-01
S   3  1.00
    5.9888909990E+00   -2.0933302936E-01
    9.7363432400E-01    6.8592060600E-01
    4.2041019200E-01    4.3553956952E-01
S   1  1.00
    5.9440552000E-02    1.0000000000E+00
S   1  1.00
    2.2897806000E-02    1.0000000000E+00
P   5  1.00
    4.6631481262E+02    9.6929815956E-03
    1.0951217097E+02    7.0625400771E-02
    3.4375921827E+01    2.6525051814E-01
    1.2142096955E+01    5.0826303838E-01
    4.4336767670E+00    3.3416076146E-01
P   3  1.00
    2.0971291870E+00    3.2238552258E-01
    8.0977607000E-01    5.6182345307E-01
    3.0834046600E-01    2.3154814721E-01
D   4  1.00
    1.9240334928E+01    3.3222024288E-02
    5.1178995900E+00    1.6960130080E-01
    1.6554278830E+00    4.2842491124E-01
    5.4016355600E-01    5.9706065938E-01
D   1  1.00
    1.6211214500E-01    1.0000000000E+00
****
-Ti 0
S   6  1.00
    4.2961512185E+04    1.7843193990E-03
    6.4509759169E+03    1.3666998300E-02
    1.4677210915E+03    6.7657531430E-02
    4.1420997355E+02    2.3415664472E-01
    1.3448715840E+02    4.7131888051E-01
    4.6122209796E+01    3.5503505355E-01
S   3  1.00
    8.9447762543E+01   -1.0443687268E-01
    1.0223346060E+01    6.1711202544E-01
    4.1353774270E+00    4.5666537541E-01
S   3  1.00
    6.7896181450E+00   -2.1192816581E-01
    1.1106730690E+00    6.8918538484E-01
    4.7565975600E-01    4.3416009239E-01
S   1  1.00
    6.5986957000E-02    1.0000000000E+00
S   1  1.00
    2.5210342000E-02    1.0000000000E+00
P   5  1.00
    5.2203684782E+02    9.5451019462E-03
    1.2268649489E+02    6.9873133123E-02
    3.8572903611E+01    2.6415737260E-01
    1.3672169319E+01    5.0888293751E-01
    5.0118529360E+00    3.3394126739E-01
P   3  1.00
    2.4131928280E+00    3.2564830896E-01
    9.3252270000E-01    5.6003132993E-01
    3.5429058400E-01    2.3042934990E-01
D   4  1.00
    2.3465125957E+01    3.2308575483E-02
    6.3332593830E+00    1.6797459658E-01
    2.0766489950E+00    4.2993853229E-01
    6.9027361900E-01    5.9228850360E-01
D   1  1.00
    2.1088738500E-01    1.0000000000E+00
****
-V 0
S   6  1.00
    4.7160376060E+04    1.7759113962E-03
    7.0814110871E+03    1.3604019661E-02
    1.6111621223E+03    6.7374890667E-02
    4.5472940551E+02    2.3346469318E-01
    1.4771321208E+02    4.7078184300E-01
    5.0699538950E+01    3.5638472638E-01
S   3  1.00
    9.8262492669E+01   -1.0524444963E-01
    1.1294293099E+01    6.2074697684E-01
    4.5853360100E+00    4.5318427296E-01
S   3  1.00
    7.6359689590E+00   -2.1375944020E-01
    1.2539836690E+00    6.9106525497E-01
    5.3271935400E-01    4.3371306030E-01
S   1  1.00
    7.2246240000E-02    1.0000000000E+00
S   1  1.00
    2.7358087000E-02    1.0000000000E+00
P   5  1.00
    5.8055044988E+02    9.4221711978E-03
    1.3652341127E+02    6.9257445500E-02
    4.2983958820E+01    2.6333143306E-01
    1.5282798763E+01    5.0946365521E-01
    5.6202495150E+00    3.3357375391E-01
P   3  1.00
    2.7485386420E+00    3.2786446176E-01
    1.0618550070E+00    5.5848032454E-01
    4.0235518700E-01    2.3030806940E-01
D   4  1.00
    2.7358434017E+01    3.2239961507E-02
    7.4540604250E+00    1.6936023865E-01
    2.4633917850E+00    4.3263124776E-01
    8.2480925300E-01    5.8676786826E-01
D   1  1.00
    2.5257904700E-01    1.0000000000E+00
****
-Cr 0
S   6  1.00
    5.1528086349E+04    1.7695545637E-03
    7.7372103487E+03    1.3556436274E-02
    1.7603748470E+03    6.7162645778E-02
    4.9687706544E+02    2.3295905915E-01
    1.6146520598E+02    4.7040576982E-01
    5.5466352268E+01    3.5733072607E-01
S   3  1.00
    1.0754732999E+02   -1.0605255448E-01
    1.2408671897E+01    6.2543981493E-01
    5.0423628830E+00    4.4878820801E-01
S   3  1.00
    8.5461640170E+00   -2.1819012079E-01
    1.3900441220E+00    7.0422525639E-01
    5.6066602900E-01    4.2488555303E-01
S   1  1.00
    7.1483706000E-02    1.0000000000E+00
S   1  1.00
    2.8250688000E-02    1.0000000000E+00
P   5  1.00
    6.4048536096E+02    9.3555063554E-03
    1.5069711194E+02    6.8993338540E-02
    4.7503755296E+01    2.6341189595E-01
    1.6934120165E+01    5.1034501650E-01
    6.2409680590E+00    3.3195512953E-01
P   3  1.00
    3.0885463210E+00    3.2917682669E-01
    1.1791047770E+00    5.5491385209E-01
    4.3369774400E-01    2.3818412843E-01
D   4  1.00
    2.7559479426E+01    3.6950140259E-02
    7.4687020330E+00    1.8821519776E-01
    2.4345903570E+00    4.4641244259E-01
    7.8244754800E-01    5.6816173022E-01
D   1  1.00
    2.1995774300E-01    1.0000000000E+00
****
-Mn 0
S   6  1.00
    5.6137009037E+04    1.7616483560E-03
    8.4292063943E+03    1.3497165790E-02
    1.9178277233E+03    6.6895291017E-02
    5.4136230198E+02    2.3229417942E-01
    1.7600069142E+02    4.6986980604E-01
    6.0500477010E+01    3.5865433013E-01
S   3  1.00
    1.1717282882E+02   -1.0663089258E-01
    1.3596973368E+01    6.2713701700E-01
    5.5483996340E+00    4.4714359701E-01
S   3  1.00
    9.4662853530E+00   -2.1593367667E-01
    1.5595006070E+00    6.9274129027E-01
    6.5230205900E-01    4.3400156249E-01
S   1  1.00
    8.4003734000E-02    1.0000000000E+00
S   1  1.00
    3.1256099000E-02    1.0000000000E+00
P   5  1.00
    7.0600497535E+02    9.2299611330E-03
    1.6619728820E+02    6.8316459832E-02
    5.2452061906E+01    2.6222595652E-01
    1.8746932862E+01    5.1050077625E-01
    6.9282991620E+00    3.3260919715E-01
P   3  1.00
    3.4772204940E+00    3.3035985614E-01
    1.3406906450E+00    5.5591604752E-01
    5.0498803000E-01    2.3175485515E-01
D   4  1.00
    3.5423264935E+01    3.2384173494E-02
    9.7814221450E+00    1.7261114370E-01
    3.2673488770E+00    4.3705190874E-01
    1.1026472190E+00    5.7786432011E-01
D   1  1.00
    3.3743205900E-01    1.0000000000E+00
****
-Fe 0
S   6  1.00
    6.0923640643E+04    1.7552243123E-03
    9.1478893982E+03    1.3449023238E-02
    2.0813505927E+03    6.6678874585E-02
    5.8755977067E+02    2.3176348551E-01
    1.9109043990E+02    4.6945550255E-01
    6.5732730112E+01    3.5968249384E-01
S   3  1.00
    1.2725891928E+02   -1.0723431842E-01
    1.4830913010E+01    6.2971616331E-01
    6.0653307410E+00    4.4472317880E-01
S   3  1.00
    1.0449943710E+01   -2.1694289195E-01
    1.7245228000E+00    6.9457867464E-01
    7.1772177300E-01    4.3298308917E-01
S   1  1.00
    9.1449828000E-02    1.0000000000E+00
S   1  1.00
    3.3706691000E-02    1.0000000000E+00
P   5  1.00
    7.7343750995E+02    9.1440529846E-03
    1.8215149714E+02    6.7887577155E-02
    5.7547272758E+01    2.6167978880E-01
    2.0614988935E+01    5.1088040112E-01
    7.6348557890E+00    3.3235475569E-01
P   3  1.00
    3.8719327990E+00    3.3193859094E-01
    1.4924724130E+00    5.5536665564E-01
    5.6061285000E-01    2.3106034113E-01
D   4  1.00
    3.8968133419E+01    3.3335938580E-02
    1.0800067078E+01    1.7766212504E-01
    3.6136458000E+00    4.4128178165E-01
    1.2129967890E+00    5.7089200472E-01
D   1  1.00
    3.6524393200E-01    1.0000000000E+00
****
-Co 0
S   6  1.00
    6.5902208257E+04    1.7494516199E-03
    9.8953896027E+03    1.3405768927E-02
    2.2514305789E+03    6.6484570976E-02
    6.3561097084E+02    2.3128874759E-01
    2.0678820681E+02    4.6908409763E-01
    7.1179242971E+01    3.6059822728E-01
S   3  1.00
    1.3777268040E+02   -1.0778396199E-01
    1.6118079243E+01    6.3213221324E-01
    6.6030327710E+00    4.4247206914E-01
S   3  1.00
    1.1479915788E+01   -2.1761471958E-01
    1.8956426320E+00    6.9570347610E-01
    7.8466232100E-01    4.3249520756E-01
S   1  1.00
    9.8425774000E-02    1.0000000000E+00
S   1  1.00
    3.5945742000E-02    1.0000000000E+00
P   5  1.00
    8.4364358575E+02    9.0707775439E-03
    1.9876386994E+02    6.7528942621E-02
    6.2854963098E+01    2.6127351453E-01
    2.2562842280E+01    5.1124694446E-01
    8.3713209130E+00    3.3201015311E-01
P   3  1.00
    4.2858719800E+00    3.3297146448E-01
    1.6508041820E+00    5.5475732980E-01
    6.1834231100E-01    2.3110713305E-01
D   4  1.00
    4.2927867612E+01    3.3905166736E-02
    1.1942533053E+01    1.8098780132E-01
    4.0046495660E+00    4.4406141421E-01
    1.3413193800E+00    5.6592149352E-01
D   1  1.00
    4.0015009700E-01    1.0000000000E+00
****
-Ni 0
S   6  1.00
    7.1074803211E+04    1.7441749138E-03
    1.0672020941E+04    1.3366226897E-02
    2.4281389007E+03    6.6306968982E-02
    6.8553595148E+02    2.3085557509E-01
    2.2310072863E+02    4.6874489112E-01
    7.6842014042E+01    3.6143114482E-01
S   3  1.00
    1.4871122016E+02   -1.0828798469E-01
    1.7459154987E+01    6.3433940861E-01
    7.1625280670E+00    4.4042786181E-01
S   3  1.00
    1.2556137125E+01   -2.1811280663E-01
    2.0735740490E+00    6.9657083391E-01
    8.5382640600E-01    4.3215354022E-01
S   1  1.00
    1.0536766300E-01    1.0000000000E+00
S   1  1.00
    3.8134088000E-02    1.0000000000E+00
P   5  1.00
    9.1673608662E+02    9.0059784705E-03
    2.1606139913E+02    6.7214869815E-02
    6.8383914817E+01    2.6094206229E-01
    2.4593843952E+01    5.1158380048E-01
    9.1392960200E+00    3.3165560011E-01
P   3  1.00
    4.7193371750E+00    3.3378065014E-01
    1.8161849230E+00    5.5421177225E-01
    6.7840750700E-01    2.3132950752E-01
D   4  1.00
    4.7093832108E+01    3.4372251574E-02
    1.3146463975E+01    1.8376650175E-01
    4.4170548930E+00    4.4631866535E-01
    1.4771565080E+00    5.6173735209E-01
D   1  1.00
    4.3735921800E-01    1.0000000000E+00
****
-Cu 0
S   6  1.00
    7.6381348056E+04    1.7411331450E-03
    1.1468777499E+04    1.3343532129E-02
    2.6094246495E+03    6.6207448083E-02
    7.3675033098E+02    2.3063725749E-01
    2.3982419958E+02    4.6858226226E-01
    8.2656829252E+01    3.6181030053E-01
S   3  1.00
    1.6013544196E+02   -1.0882226107E-01
    1.8834177695E+01    6.3798331080E-01
    7.7176595740E+00    4.3707971366E-01
S   3  1.00
    1.3710846717E+01   -2.2184889328E-01
    2.2349895670E+00    7.1260829354E-01
    8.7818360100E-01    4.1975078408E-01
S   1  1.00
    8.7187458000E-02    1.0000000000E+00
S   1  1.00
    3.2969115000E-02    1.0000000000E+00
P   5  1.00
    9.9124075782E+02    8.9731212473E-03
    2.3369376116E+02    6.7106679181E-02
    7.4020930927E+01    2.6116446300E-01
    2.6664967447E+01    5.1213744874E-01
    9.9192087480E+00    3.3048334097E-01
P   3  1.00
    5.1519553930E+00    3.3510918912E-01
    1.9638205830E+00    5.5272030105E-01
    7.1560097000E-01    2.3573371696E-01
D   4  1.00
    4.7335049590E+01    3.8384683150E-02
    1.3161666077E+01    1.9930316599E-01
    4.3693777240E+00    4.5619448310E-01
    1.4132925110E+00    5.4713259821E-01
D   1  1.00
    3.8878001400E-01    1.0000000000E+00
****
-Zn 0
S   6  1.00
    8.2000711629E+04    1.7349108052E-03
    1.2312471777E+04    1.3296808088E-02
    2.8013944193E+03    6.5995325616E-02
    7.9099424302E+02    2.3009789462E-01
    2.5756551079E+02    4.6815106363E-01
    8.8814933400E+01    3.6288078342E-01
S   3  1.00
    1.7186353716E+02   -1.0917859022E-01
    2.0302534785E+01    6.3824425445E-01
    8.3464123070E+00    4.3684001123E-01
S   3  1.00
    1.4847536940E+01   -2.1869220035E-01
    2.4495029510E+00    6.9765972398E-01
    9.9845821800E-01    4.3185458315E-01
S   1  1.00
    1.1891307900E-01    1.0000000000E+00
S   1  1.00
    4.2297429000E-02    1.0000000000E+00
P   5  1.00
    1.0715185372E+03    8.8976311762E-03
    2.5269712152E+02    6.6698953617E-02
    8.0100829126E+01    2.6046856128E-01
    2.8903393172E+01    5.1218804535E-01
    1.0768899879E+01    3.3091230047E-01
P   3  1.00
    5.6446212530E+00    3.3483537773E-01
    2.1678291350E+00    5.5323067453E-01
    8.0540898300E-01    2.3227928620E-01
D   4  1.00
    5.6088939191E+01    3.5032092264E-02
    1.5751908917E+01    1.8792519034E-01
    5.3115812370E+00    4.4962406612E-01
    1.7737904920E+00    5.5526578542E-01
D   1  1.00
    5.1975583700E-01    1.0000000000E+00
****
-Ga 0
S   6  1.00
    8.7842126296E+04    1.7286021193E-03
    1.3189496402E+04    1.3249397473E-02
    3.0009482141E+03    6.5779129282E-02
    8.4738425966E+02    2.2953880981E-01
    2.7600980642E+02    4.6771450762E-01
    9.5216672071E+01    3.6398445385E-01
S   3  1.00
    1.8400703968E+02   -1.0953299256E-01
    2.1827051433E+01    6.3833818085E-01
    9.0026963760E+00    4.3675878589E-01
S   3  1.00
    1.6033176938E+01   -2.1779562206E-01
    2.6707724880E+00    6.9033198469E-01
    1.1252834170E+00    4.3735502860E-01
S   1  1.00
    1.5967608800E-01    1.0000000000E+00
S   1  1.00
    5.7643045000E-02    1.0000000000E+00
P   5  1.00
    1.1672665844E+03    8.6781404946E-03
    2.7538062789E+02    6.5301407028E-02
    8.7375073070E+01    2.5681556805E-01
    3.1597254670E+01    5.1041940355E-01
    1.1824122798E+01    3.3653196790E-01
P   3  1.00
    6.2881845130E+00    3.1840398766E-01
    2.5199853240E+00    5.3356486637E-01
    1.0169726310E+00    2.6004363885E-01
P   1  1.00
    2.4748373600E-01    1.0000000000E+00
P   1  1.00
    6.6685294000E-02    1.0000000000E+00
D   4  1.00
    6.5354237674E+01    3.2399122703E-02
    1.8504656747E+01    1.7873831550E-01
    6.3179620630E+00    4.4372863104E-01
    2.1641389430E+00    5.6240180746E-01
D   1  1.00
    6.6693092800E-01    1.0000000000E+00
D   1  1.00
    2.0700000000E-01    1.0000000000E+00
****
-Ge 0
S   6  1.00
    9.3889836642E+04    1.7225948292E-03
    1.4097497528E+04    1.3204237703E-02
    3.2075477309E+03    6.5573084859E-02
    9.0576727269E+02    2.2900384608E-01
    2.9511014693E+02    4.6729241771E-01
    1.0184713141E+02    3.6504514151E-01
S   3  1.00
    1.9656719662E+02   -1.0986487803E-01
    2.3405292522E+01    6.3847252599E-01
    9.6839116700E+00    4.3663176781E-01
S   3  1.00
    1.7269736544E+01   -2.1757440438E-01
    2.8964622160E+00    6.8990213338E-01
    1.2553621410E+00    4.3649408000E-01
S   1  1.00
    2.0213081500E-01    1.0000000000E+00
S   1  1.00
    7.3867911000E-02    1.0000000000E+00
P   5  1.00
    1.2592085995E+03    8.5634776624E-03
    2.9715626382E+02    6.4606425401E-02
    9.4353387522E+01    2.5518639087E-01
    3.4176329677E+01    5.0991604224E-01
    1.2816139615E+01    3.3861758664E-01
P   3  1.00
    6.8471029780E+00    3.1847913526E-01
    2.7717363940E+00    5.3369402970E-01
    1.1458418180E+00    2.5596687410E-01
P   1  1.00
    3.0679631500E-01    1.0000000000E+00
P   1  1.00
    8.9283644000E-02    1.0000000000E+00
D   4  1.00
    7.4782168177E+01    3.0459986967E-02
    2.1310849759E+01    1.7191863383E-01
    7.3464792360E+00    4.3916512191E-01
    2.5656271400E+00    5.6770408560E-01
D   1  1.00
    8.1981773100E-01    1.0000000000E+00
D   1  1.00
    2.4600000000E-01    1.0000000000E+00
****
-As 0
S   6  1.00
    1.0014652554E+05    1.7168149741E-03
    1.5036861711E+04    1.3160773542E-02
    3.4212902833E+03    6.5374360963E-02
    9.6616965717E+02    2.2848657186E-01
    3.1487394026E+02    4.6688316793E-01
    1.0870823790E+02    3.6607323406E-01
S   3  1.00
    2.0954238950E+02   -1.1017527226E-01
    2.5038221139E+01    6.3859670254E-01
    1.0390964343E+01    4.3650842205E-01
S   3  1.00
    1.8555090093E+01   -2.1775747018E-01
    3.1281217450E+00    6.9433987443E-01
    1.3884885070E+00    4.3120862486E-01
S   1  1.00
    2.4714362100E-01    1.0000000000E+00
S   1  1.00
    9.1429429000E-02    1.0000000000E+00
P   5  1.00
    1.3556443507E+03    8.4468717500E-03
    3.1999929270E+02    6.3889392759E-02
    1.0167734092E+02    2.5345369640E-01
    3.6886323845E+01    5.0934439832E-01
    1.3861115909E+01    3.4090163148E-01
P   3  1.00
    7.4260666910E+00    3.1951067471E-01
    3.0316247190E+00    5.3535335031E-01
    1.2783078340E+00    2.4975740965E-01
P   1  1.00
    3.7568503400E-01    1.0000000000E+00
P   1  1.00
    1.1394805500E-01    1.0000000000E+00
D   4  1.00
    8.4445514539E+01    2.8958941092E-02
    2.4190416102E+01    1.6662461827E-01
    8.4045015120E+00    4.3553717389E-01
    2.9808970750E+00    5.7177037700E-01
D   1  1.00
    9.7909243400E-01    1.0000000000E+00
D   1  1.00
    2.9300000000E-01    1.0000000000E+00
****
-Se 0
S   6  1.00
    1.0661220027E+05    1.7112545873E-03
    1.6007604701E+04    1.3118951419E-02
    3.6421699707E+03    6.5183029153E-02
    1.0285912993E+03    2.2798635284E-01
    3.3530298888E+02    4.6648409591E-01
    1.1580129154E+02    3.6707094427E-01
S   3  1.00
    2.2293325020E+02   -1.1046292328E-01
    2.6726257934E+01    6.3870270147E-01
    1.1124501923E+01    4.3639448665E-01
S   3  1.00
    1.9888520061E+01   -2.1806048922E-01
    3.3668473800E+00    7.0206974021E-01
    1.5249277840E+00    4.2291502335E-01
S   1  1.00
    2.9630037900E-01    1.0000000000E+00
S   1  1.00
    1.1009289000E-01    1.0000000000E+00
P   5  1.00
    1.4559068120E+03    8.3361608641E-03
    3.4375101831E+02    6.3204662753E-02
    1.0929554964E+02    2.5178127870E-01
    3.9707711022E+01    5.0879628346E-01
    1.4950185232E+01    3.4310391964E-01
P   3  1.00
    8.0208962090E+00    3.2170794099E-01
    3.2934649760E+00    5.3933440620E-01
    1.4058602440E+00    2.4066358977E-01
P   1  1.00
    4.5076123200E-01    1.0000000000E+00
P   1  1.00
    1.3353413300E-01    1.0000000000E+00
D   4  1.00
    9.4494024044E+01    2.7715283402E-02
    2.7188185260E+01    1.6220551430E-01
    9.5091567350E+00    4.3242179670E-01
    3.4170516850E+00    5.7519867417E-01
D   1  1.00
    1.1479590080E+00    1.0000000000E+00
D   1  1.00
    3.3800000000E-01    1.0000000000E+00
****
-Br 0
S   6  1.00
    1.1328638776E+05    1.7059195773E-03
    1.7009626303E+04    1.3078822302E-02
    3.8701842567E+03    6.4998679261E-02
    1.0930357227E+03    2.2750201069E-01
    3.5639721797E+02    4.6609763309E-01
    1.2312539643E+02    3.6803755398E-01
S   3  1.00
    2.3674084007E+02   -1.1073269393E-01
    2.8468661070E+01    6.3882925331E-01
    1.1883443722E+01    4.3625720064E-01
S   3  1.00
    2.1269633312E+01   -2.1858987773E-01
    3.6129226840E+00    7.1268904885E-01
    1.6626648970E+00    4.1206713910E-01
S   1  1.00
    3.4823793200E-01    1.0000000000E+00
S   1  1.00
    1.3019031400E-01    1.0000000000E+00
P   5  1.00
    1.5602801881E+03    8.2285346190E-03
    3.6847859205E+02    6.2534001802E-02
    1.1722978849E+02    2.5011859446E-01
    4.2648909248E+01    5.0824174177E-01
    1.6087225096E+01    3.4530946638E-01
P   3  1.00
    8.6352810060E+00    3.2434615312E-01
    3.5613665500E+00    5.4454844139E-01
    1.5292626610E+00    2.3041603402E-01
P   1  1.00
    5.3064294900E-01    1.0000000000E+00
P   1  1.00
    1.5702759000E-01    1.0000000000E+00
D   4  1.00
    1.0485518642E+02    2.6692251017E-02
    3.0281143688E+01    1.5856723862E-01
    1.0651394267E+01    4.2983618186E-01
    3.8699456230E+00    5.7796993298E-01
D   1  1.00
    1.3240876760E+00    1.0000000000E+00
D   1  1.00
    3.8900000000E-01    1.0000000000E+00
****
-Kr 0
S   6  1.00
    1.2016564875E+05    1.7008559739E-03
    1.8042500169E+04    1.3040710003E-02
    4.1051800388E+03    6.4824763545E-02
    1.1594447248E+03    2.2704567134E-01
    3.7813810346E+02    4.6572807832E-01
    1.3067610045E+02    3.6895317971E-01
S   3  1.00
    2.5096373353E+02   -1.1098672373E-01
    3.0265930380E+01    6.3895588425E-01
    1.2668110757E+01    4.3611793962E-01
S   3  1.00
    2.2697940101E+01   -2.1927020329E-01
    3.8673017400E+00    7.2523158612E-01
    1.8013706670E+00    3.9956415268E-01
S   1  1.00
    4.0308639100E-01    1.0000000000E+00
S   1  1.00
    1.5170527800E-01    1.0000000000E+00
P   5  1.00
    1.6685736623E+03    8.1257312568E-03
    3.9413862798E+02    6.1889485591E-02
    1.2546644854E+02    2.4850396286E-01
    4.5704992729E+01    5.0770059294E-01
    1.7270133229E+01    3.4745277398E-01
P   3  1.00
    9.2699487770E+00    3.2717514328E-01
    3.8364617720E+00    5.5044658441E-01
    1.6467163310E+00    2.1981384032E-01
P   1  1.00
    6.1479686500E-01    1.0000000000E+00
P   1  1.00
    1.8319467400E-01    1.0000000000E+00
D   4  1.00
    1.1555868603E+02    2.5829914942E-02
    3.3477985864E+01    1.5549644964E-01
    1.1834450207E+01    4.2764432662E-01
    4.3408254890E+00    5.8026847107E-01
D   1  1.00
    1.5079273160E+00    1.0000000000E+00
D   1  1.00
    4.4300000000E-01    1.0000000000E+00
****
-Rb 0
S   3  1.00
    4.6687885070E+00    8.7459877692E-01
    2.9442428420E+00   -2.0423443308E+00
    5.8171263000E-01    1.3782154547E+00
S   1  1.00
    4.5147933600E-01    1.0000000000E+00
S   1  1.00
    2.1604923500E-01    1.0000000000E+00
S   1  1.00
    3.2088816000E-02    1.0000000000E+00
S   1  1.00
    1.3833878000E-02    1.0000000000E+00
P   4  1.00
    5.5234179480E+00    5.7476034607E-02
    3.4120149650E+00   -1.9448985000E-01
    7.6899021800E-01    4.8619230619E-01
    3.3088071800E-01    6.2097479149E-01
P   1  1.00
    1.3423268400E-01    1.0000000000E+00
P   1  1.00
    2.0642680000E-02    1.0000000000E+00
D   1  1.00
    2.2600000000E-01    1.0000000000E+00
D   1  1.00
    2.7432281000E-02    1.0000000000E+00
****
-Sr 0
S   3  1.00
    5.9276428770E+00    4.7424042800E-01
    3.0691274810E+00   -1.5612926673E+00
    7.0675488000E-01    1.4941852006E+00
S   1  1.00
    3.3824024300E-01    1.0000000000E+00
S   1  1.00
    6.1768869000E-02    1.0000000000E+00
S   1  1.00
    2.5767593000E-02    1.0000000000E+00
P   4  1.00
    2.4324720000E+00   -3.8053029914E-01
    1.6642340000E+00    3.8782192581E-01
    5.9455471900E-01    6.1338053700E-01
    2.6152622000E-01    3.6177231971E-01
P   1  1.00
    1.0258814000E-01    1.0000000000E+00
P   1  1.00
    3.3223404000E-02    1.0000000000E+00
D   4  1.00
    3.6180810000E+00   -1.0309077900E-02
    9.9665600000E-01    1.4856561838E-01
    3.9073500000E-01    3.8281436676E-01
    1.2277000000E-01    6.5600699583E-01
D   1  1.00
    3.6655000000E-02    1.0000000000E+00
****
-Y 0
S   3  1.00
    5.1329580000E+00   -1.3831975902E+00
    4.2401920000E+00    1.9413448108E+00
    1.2982800000E+00    4.4077858936E-01
S   1  1.00
    8.2904954400E-01    1.0000000000E+00
S   1  1.00
    3.4752758900E-01    1.0000000000E+00
S   1  1.00
    6.8418879000E-02    1.0000000000E+00
S   1  1.00
    2.7323993000E-02    1.0000000000E+00
P   4  1.00
    2.7279200000E+00   -3.9951412680E-01
    1.9790500000E+00    3.4934337474E-01
    7.9980886800E-01    5.3727743312E-01
    3.8409397400E-01    4.7604995009E-01
P   1  1.00
    1.6173582300E-01    1.0000000000E+00
P   1  1.00
    3.0000000000E-02    1.0000000000E+00
D   4  1.00
    3.9030833060E+00   -1.1085544585E-02
    1.1363234300E+00    2.1653745034E-01
    4.5617043900E-01    4.5825225858E-01
    1.7470950700E-01    4.9509162338E-01
D   1  1.00
    6.1978797000E-02    1.0000000000E+00
F   1  1.00
    2.6515000000E-01    1.0000000000E+00
****
-Zr 0
S   3  1.00
    5.8737890000E+00    9.7174502003E-01
    4.2872700000E+00   -1.7058213660E+00
    1.4641370000E+00   -2.4544438518E-01
S   1  1.00
    8.3727682300E-01    1.0000000000E+00
S   1  1.00
    3.6849806500E-01    1.0000000000E+00
S   1  1.00
    7.7806859000E-02    1.0000000000E+00
S   1  1.00
    3.0273088000E-02    1.0000000000E+00
P   4  1.00
    2.8742240000E+00   -4.8174957908E-01
    2.1199010000E+00    4.7409358322E-01
    7.8845821100E-01    6.0811587818E-01
    3.6332579900E-01    3.7013797773E-01
P   1  1.00
    1.4951762000E-01    1.0000000000E+00
P   1  1.00
    3.0000000000E-02    1.0000000000E+00
D   4  1.00
    4.2898623880E+00   -1.3548023334E-02
    1.3615557500E+00    2.1845271000E-01
    5.6937550700E-01    4.6655746970E-01
    2.2674948700E-01    4.7431382212E-01
D   1  1.00
    8.3011032000E-02    1.0000000000E+00
F   1  1.00
    3.9261000000E-01    1.0000000000E+00
****
-Nb 0
S   3  1.00
    6.5663010000E+00   -9.1427046026E-01
    4.5864380000E+00    1.5157625363E+00
    3.7537700000E+00    3.5042434871E-01
S   1  1.00
    8.4187717400E-01    1.0000000000E+00
S   1  1.00
    3.8160666200E-01    1.0000000000E+00
S   1  1.00
    8.5819911000E-02    1.0000000000E+00
S   1  1.00
    3.2702330000E-02    1.0000000000E+00
P   4  1.00
    3.0700630000E+00   -5.1852933290E-01
    2.2379640000E+00    5.4439712630E-01
    8.0801969700E-01    6.4125969308E-01
    3.5783343400E-01    3.0695961235E-01
P   1  1.00
    1.3820085300E-01    1.0000000000E+00
P   1  1.00
    3.6000000000E-02    1.0000000000E+00
D   4  1.00
    4.6170975870E+00   -1.4908520558E-02
    1.5663438480E+00    2.2376613630E-01
    6.6952425800E-01    4.7223065290E-01
    2.7140946900E-01    4.5907662169E-01
D   1  1.00
    1.0054426600E-01    1.0000000000E+00
F   1  1.00
    5.2270000000E-01    1.0000000000E+00
****
-Mo 0
S   3  1.00
    7.2033800000E+00   -8.6292576316E-01
    5.0522950000E+00    1.5530909734E+00
    2.9135330000E+00    2.6864609409E-01
S   1  1.00
    9.7858218700E-01    1.0000000000E+00
S   1  1.00
    4.4369153800E-01    1.0000000000E+00
S   1  1.00
    9.2150091000E-02    1.0000000000E+00
S   1  1.00
    3.4802247000E-02    1.0000000000E+00
P   4  1.00
    3.1518660000E+00   -7.2587507505E-01
    2.4534820000E+00    7.7202781870E-01
    8.5030192200E-01    6.5452826776E-01
    3.6918237200E-01    2.7058447027E-01
P   1  1.00
    1.3490627500E-01    1.0000000000E+00
P   1  1.00
    3.8200000000E-02    1.0000000000E+00
D   4  1.00
    5.0044445500E+00   -2.3563436604E-02
    1.7736823320E+00    2.2877203043E-01
    7.6950591700E-01    4.7733933136E-01
    3.1530878900E-01    4.4888343449E-01
D   1  1.00
    1.1754374400E-01    1.0000000000E+00
F   1  1.00
    6.5545000000E-01    1.0000000000E+00
****
-Tc 0
S   3  1.00
    7.4344020000E+00   -1.1287722382E+00
    5.5513270000E+00    1.8508395374E+00
    3.0230860000E+00    2.3641685508E-01
S   1  1.00
    1.0647443990E+00    1.0000000000E+00
S   1  1.00
    4.8127808500E-01    1.0000000000E+00
S   1  1.00
    9.8299017000E-02    1.0000000000E+00
S   1  1.00
    3.6659978000E-02    1.0000000000E+00
P   4  1.00
    3.4490050000E+00   -7.3079165617E-01
    2.6927370000E+00    7.7306995931E-01
    9.4427370700E-01    6.5248985778E-01
    4.1348148600E-01    2.7497305504E-01
P   1  1.00
    1.5488152300E-01    1.0000000000E+00
P   1  1.00
    4.0300000000E-02    1.0000000000E+00
D   4  1.00
    5.0906268700E+00   -3.4982682472E-02
    2.0156178510E+00    2.3136815580E-01
    8.8113887200E-01    4.8275960204E-01
    3.6427094800E-01    4.4355052680E-01
D   1  1.00
    1.3678402300E-01    1.0000000000E+00
F   1  1.00
    7.9085000000E-01    1.0000000000E+00
****
-Ru 0
S   3  1.00
    7.9365700000E+00   -1.1750431009E+00
    5.9842450000E+00    1.6167268411E+00
    4.8822200000E+00    5.0971882465E-01
S   1  1.00
    1.1031002160E+00    1.0000000000E+00
S   1  1.00
    4.9818875300E-01    1.0000000000E+00
S   1  1.00
    1.0678711400E-01    1.0000000000E+00
S   1  1.00
    3.9191776000E-02    1.0000000000E+00
P   4  1.00
    3.7546090000E+00   -7.1563690646E-01
    2.9165710000E+00    7.5786578700E-01
    1.0322209570E+00    6.5378509334E-01
    4.5249553800E-01    2.7329179389E-01
P   1  1.00
    1.6987042200E-01    1.0000000000E+00
P   1  1.00
    4.3000000000E-02    1.0000000000E+00
D   4  1.00
    5.7341846620E+00   -3.8289388693E-02
    2.2483686290E+00    2.3671577170E-01
    9.8376978400E-01    4.8542406105E-01
    4.0379445600E-01    4.3832701964E-01
D   1  1.00
    1.4978618200E-01    1.0000000000E+00
F   1  1.00
    9.4314000000E-01    1.0000000000E+00
****
-Rh 0
S   3  1.00
    7.9177440000E+00    2.4223042913E+00
    6.8412070000E+00   -3.1069619741E+00
    2.9598400000E+00   -2.8045951880E-01
S   1  1.00
    1.3166643440E+00    1.0000000000E+00
S   1  1.00
    5.6907152200E-01    1.0000000000E+00
S   1  1.00
    1.0059695200E-01    1.0000000000E+00
S   1  1.00
    3.7071461000E-02    1.0000000000E+00
P   4  1.00
    4.1360790000E+00   -5.5759137113E-01
    2.9462810000E+00    6.2010902861E-01
    1.0792431920E+00    6.4673297716E-01
    4.6611217800E-01    2.6228909475E-01
P   1  1.00
    1.7453170000E-01    1.0000000000E+00
P   1  1.00
    4.1000000000E-02    1.0000000000E+00
D   4  1.00
    6.8847131640E+00   -1.7432914335E-02
    2.3837304390E+00    2.5170799402E-01
    1.0184384020E+00    4.8136263568E-01
    3.9957494600E-01    4.3212811420E-01
D   1  1.00
    1.3951120300E-01    1.0000000000E+00
F   1  1.00
    1.0949900000E+00    1.0000000000E+00
****
-Pd 0
S   3  1.00
    8.4756400000E+00    2.1727229431E+00
    7.1657170000E+00   -2.9039633127E+00
    3.1821100000E+00   -2.3105700784E-01
S   1  1.00
    1.3973644200E+00    1.0000000000E+00
S   1  1.00
    6.0532955900E-01    1.0000000000E+00
S   1  1.00
    1.0229514200E-01    1.0000000000E+00
S   1  1.00
    3.7338973000E-02    1.0000000000E+00
P   4  1.00
    4.2460970000E+00   -8.3460186942E-01
    3.3925940000E+00    8.8286438100E-01
    1.1975891260E+00    6.4388701718E-01
    5.2673750600E-01    2.7601051508E-01
P   1  1.00
    2.0607094100E-01    1.0000000000E+00
P   1  1.00
    3.7000000000E-02    1.0000000000E+00
D   4  1.00
    7.3613290980E+00   -1.8692279517E-02
    2.6291037260E+00    2.5336624228E-01
    1.1292744630E+00    4.8400703550E-01
    4.4471659900E-01    4.2703068268E-01
D   1  1.00
    1.5544893800E-01    1.0000000000E+00
F   1  1.00
    1.2462900000E+00    1.0000000000E+00
****
-Ag 0
S   3  1.00
    9.0884420000E+00   -1.9171571304E+00
    7.5407310000E+00    2.6667953097E+00
    2.7940050000E+00    2.1984545210E-01
S   1  1.00
    1.4918135850E+00    1.0000000000E+00
S   1  1.00
    6.3579159400E-01    1.0000000000E+00
S   1  1.00
    1.0368414200E-01    1.0000000000E+00
S   1  1.00
    3.7460004000E-02    1.0000000000E+00
P   4  1.00
    4.4512400000E+00   -1.0032363439E+00
    3.6752630000E+00    1.0603206322E+00
    1.2610620910E+00    6.5380676730E-01
    5.4212477500E-01    2.5872095233E-01
P   1  1.00
    2.0221617000E-01    1.0000000000E+00
P   1  1.00
    4.1200000000E-02    1.0000000000E+00
D   4  1.00
    7.7956672290E+00   -1.8482218654E-02
    2.8926510240E+00    2.5426227000E-01
    1.2474273200E+00    4.8546440754E-01
    4.9313817700E-01    4.2364063945E-01
D   1  1.00
    1.7285032600E-01    1.0000000000E+00
F   1  1.00
    1.3971100000E+00    1.0000000000E+00
****
-Cd 0
S   3  1.00
    9.7270110000E+00   -1.8420145807E+00
    7.8375230000E+00    2.6823974470E+00
    5.0891940000E+00    1.1042208411E-01
S   1  1.00
    1.4981738330E+00    1.0000000000E+00
S   1  1.00
    6.7281383100E-01    1.0000000000E+00
S   1  1.00
    1.3297424900E-01    1.0000000000E+00
S   1  1.00
    4.6915090000E-02    1.0000000000E+00
P   4  1.00
    4.7427160000E+00   -1.0494859934E+00
    3.9366550000E+00    1.1091332913E+00
    1.3569243140E+00    6.5887321857E-01
    5.8791569500E-01    2.4828579955E-01
P   1  1.00
    2.1371239600E-01    1.0000000000E+00
P   1  1.00
    5.1600000000E-02    1.0000000000E+00
D   4  1.00
    7.8631040860E+00   -2.3068059285E-02
    3.2935059130E+00    2.4384788891E-01
    1.4503676030E+00    4.8879222999E-01
    5.9373316800E-01    4.2322952740E-01
D   1  1.00
    2.1760141500E-01    1.0000000000E+00
F   1  1.00
    1.5981300000E+00    1.0000000000E+00
****
-In 0
S   6  1.00
    2.8352297445E+02    5.5426035836E-04
    2.3324282101E+01   -7.1829123317E-02
    1.6868026844E+01    2.2205163740E-01
    6.7866498140E+00   -5.5873107937E-01
    1.6782596020E+00    7.7981053637E-01
    7.8396870400E-01    4.9448486488E-01
S   2  1.00
    1.8276654780E+00   -3.7312020173E-01
    8.3753492500E-01   -6.5221036638E-01
S   1  1.00
    1.6643069000E-01    1.0000000000E+00
S   1  1.00
    6.1143743000E-02    1.0000000000E+00
P   4  1.00
    1.4699191826E+01    1.2740427319E-01
    8.8709038050E+00   -4.4798957669E-01
    1.1342905890E+00    8.4471470714E-01
    5.2667652400E-01    2.4320770230E-01
P   1  1.00
    2.3284433670E+00    1.0000000000E+00
P   1  1.00
    1.6859144900E-01    1.0000000000E+00
P   1  1.00
    5.0070381000E-02    1.0000000000E+00
D   5  1.00
    3.1378655926E+01    5.1005997401E-03
    1.8290046326E+01   -1.0585732834E-02
    3.2551894590E+00    2.8696142389E-01
    1.3874842580E+00    5.1073151313E-01
    5.4248962700E-01    3.6108204443E-01
D   1  1.00
    1.8000000000E-01    1.0000000000E+00
****
-Sn 0
S   6  1.00
    3.7595156177E+02    1.4565512651E-03
    2.3661818008E+01   -1.6049513955E-01
    1.9946281315E+01    3.2517064025E-01
    6.8240270450E+00   -8.0784719739E-01
    1.8771488720E+00    8.8634525458E-01
    8.2033199200E-01    5.0791783478E-01
S   2  1.00
    1.0341549887E+01   -4.0095117148E-02
    1.3672524160E+00    1.0200482364E+00
S   1  1.00
    1.8314843800E-01    1.0000000000E+00
S   1  1.00
    6.9547226000E-02    1.0000000000E+00
P   4  1.00
    2.1293597748E+01    3.7706023702E-02
    8.8171842500E+00   -3.2877318660E-01
    1.2347028370E+00    8.5208995337E-01
    5.7869142600E-01    2.3673443915E-01
P   1  1.00
    2.5084050280E+00    1.0000000000E+00
P   1  1.00
    2.1298577700E-01    1.0000000000E+00
P   1  1.00
    6.7364585000E-02    1.0000000000E+00
D   5  1.00
    3.9693023177E+01    3.8704760809E-03
    2.0852179275E+01   -6.7372850505E-03
    3.6907832770E+00    2.7595498981E-01
    1.5849404530E+00    5.1961696462E-01
    6.2772693400E-01    3.5705759828E-01
D   1  1.00
    2.0500000000E-01    1.0000000000E+00
****
-Sb 0
S   6  1.00
    3.7276139166E+02    1.5233445353E-03
    2.2689478596E+01   -1.4417520270E-01
    1.8391547037E+01    3.4457715827E-01
    7.6406271410E+00   -7.1768180964E-01
    1.9052000230E+00    8.8281885128E-01
    9.3007107800E-01    4.4855974302E-01
S   2  1.00
    1.0584496987E+01   -4.2996164750E-02
    1.4680242770E+00    1.0220804237E+00
S   1  1.00
    2.1621190000E-01    1.0000000000E+00
S   1  1.00
    8.3546307000E-02    1.0000000000E+00
P   4  1.00
    1.5926550950E+01    1.5990327399E-01
    1.0052739237E+01   -5.0259663897E-01
    1.2682183730E+00    8.9835266526E-01
    5.7196620900E-01    1.8864435591E-01
P   1  1.00
    2.6190751240E+00    1.0000000000E+00
P   1  1.00
    2.5183282600E-01    1.0000000000E+00
P   1  1.00
    8.3389128000E-02    1.0000000000E+00
D   5  1.00
    4.5485063360E+01    3.3138297906E-03
    1.8504059617E+01   -5.5935148288E-03
    3.9156032310E+00    2.8489051213E-01
    1.7142196010E+00    5.2189788535E-01
    6.9675478200E-01    3.3883774627E-01
D   1  1.00
    2.3060000000E-01    1.0000000000E+00
****
-Te 0
S   6  1.00
    3.9647954659E+02    3.0253283244E-03
    2.1919773309E+01   -1.5183739755E-01
    1.8061271390E+01    4.1632841565E-01
    8.1403463240E+00   -8.6928042901E-01
    2.0705998800E+00    9.1070039057E-01
    9.7715185100E-01    4.6641157428E-01
S   2  1.00
    1.1263563841E+01   -4.4215117425E-02
    1.6122696060E+00    1.0231173271E+00
S   1  1.00
    2.5095401700E-01    1.0000000000E+00
S   1  1.00
    9.7478453000E-02    1.0000000000E+00
P   4  1.00
    1.7479502221E+01    1.3364117204E-01
    1.0433943171E+01   -4.7810565691E-01
    1.3623024760E+00    9.1386000073E-01
    5.9239616300E-01    1.7733231497E-01
P   1  1.00
    2.7961737670E+00    1.0000000000E+00
P   1  1.00
    2.9766401000E-01    1.0000000000E+00
P   1  1.00
    9.6151090000E-02    1.0000000000E+00
D   5  1.00
    5.0821835991E+01    3.4245500438E-03
    1.8884095378E+01   -3.5724248691E-03
    4.2527304630E+00    2.8657588371E-01
    1.8757557090E+00    5.2782314865E-01
    7.7069282800E-01    3.2673439485E-01
D   1  1.00
    2.5000000000E-01    1.0000000000E+00
****
-I 0
S   6  1.00
    4.4590489176E+02    2.2025754202E-03
    2.3336842412E+01   -1.6476917782E-01
    1.9583446104E+01    4.0052364265E-01
    8.5112089190E+00   -8.3034405342E-01
    2.1996161860E+00    9.1034903911E-01
    1.0668970450E+00    4.6345033684E-01
S   2  1.00
    1.1720547572E+01   -4.6972984463E-02
    1.7625986450E+00    1.0252380963E+00
S   1  1.00
    2.8697476300E-01    1.0000000000E+00
S   1  1.00
    1.1227609600E-01    1.0000000000E+00
P   4  1.00
    2.0499027254E+01    8.4562108617E-02
    1.0558754576E+01   -4.2051679185E-01
    1.5015895480E+00    9.1570477342E-01
    6.4597173100E-01    1.8397852271E-01
P   1  1.00
    3.0288656770E+00    1.0000000000E+00
P   1  1.00
    3.4506591800E-01    1.0000000000E+00
P   1  1.00
    1.1134513800E-01    1.0000000000E+00
D   5  1.00
    5.1235354920E+01    4.1015169092E-03
    1.5616239482E+01   -5.1611249603E-03
    4.5266002140E+00    2.9635196985E-01
    2.0529808770E+00    5.1995196496E-01
    8.7640281600E-01    3.1750716876E-01
D   1  1.00
    3.0900000000E-01    1.0000000000E+00
****
-Xe 0
S   5  1.00
    6.4202481656E+03    5.8037431546E-04
    9.8354530664E+02    3.7590264973E-03
    2.1943881364E+02    1.0648243609E-02
    2.3012587807E+01   -3.3997665894E-01
    1.8048324490E+01    1.3305328819E+00
S   2  1.00
    1.1752550163E+01    6.4263924018E-01
    6.2390917200E+00    3.7436796193E-01
S   1  1.00
    2.6257211320E+00    1.0000000000E+00
S   1  1.00
    1.2905042940E+00    1.0000000000E+00
S   1  1.00
    3.6204185100E-01    1.0000000000E+00
S   1  1.00
    1.4069888100E-01    1.0000000000E+00
P   3  1.00
    1.9381432545E+02    4.0702352405E-03
    2.1725228086E+01    2.4488174323E-01
    9.8891605640E+00   -1.1935854566E+00
P   4  1.00
    1.3960683826E+01   -3.7763354814E-02
    4.0928947100E+00    2.7178570501E-01
    2.2546815460E+00    5.3824255587E-01
    1.1546596180E+00    2.6353382551E-01
P   1  1.00
    5.2321923100E-01    1.0000000000E+00
P   1  1.00
    2.1945569800E-01    1.0000000000E+00
P   1  1.00
    8.6158997000E-02    1.0000000000E+00
D   6  1.00
    1.3560300038E+02    8.7663901950E-04
    3.8727062692E+01    6.5204533350E-03
    1.5377328089E+01   -9.9344899306E-03
    5.2602537690E+00    2.4509696091E-01
    2.6590627420E+00    4.7576952261E-01
    1.2938205120E+00    3.8577604757E-01
D   1  1.00
    5.8050830100E-01    1.0000000000E+00
D   1  1.00
    1.8000000000E-01    1.0000000000E+00
F   1  1.00
    4.9652793000E-01    1.0000000000E+00
F   1  1.00
    2.5000000000E+00    1.0000000000E+00
****
-Cs 0
S   3  1.00
    5.8778113440E+00    2.5322946196E-01
    4.3631538290E+00   -6.8195882018E-01
    1.8048475160E+00    1.3770221239E+00
S   1  1.00
    3.7485237100E-01    1.0000000000E+00
S   1  1.00
    1.6384858800E-01    1.0000000000E+00
S   1  1.00
    2.7230462000E-02    1.0000000000E+00
S   1  1.00
    1.1991533000E-02    1.0000000000E+00
P   4  1.00
    4.2751856150E+00    4.5415068926E-02
    1.9656663360E+00   -2.4851419542E-01
    4.7689195200E-01    5.5285900823E-01
    2.1529749600E-01    5.7826374622E-01
P   1  1.00
    9.1450850000E-02    1.0000000000E+00
P   1  1.00
    1.7592079000E-02    1.0000000000E+00
D   1  1.00
    1.3300000000E-01    1.0000000000E+00
D   1  1.00
    3.3216215000E-02    1.0000000000E+00
****
-Ba 0
S   3  1.00
    2.3961900000E+00   -1.7124219555E+01
    2.2433050000E+00    1.9209118786E+01
    7.1740200000E-01   -1.6405543052E+00
S   1  1.00
    2.7420073600E-01    1.0000000000E+00
S   1  1.00
    4.0933264000E-02    1.0000000000E+00
S   1  1.00
    1.8060156000E-02    1.0000000000E+00
P   4  1.00
    2.9267420000E+00    9.4990219058E-01
    2.5207180000E+00   -1.2743329980E+00
    6.7578180900E-01    4.1583925002E-01
    3.1985844500E-01    7.7407103248E-01
P   1  1.00
    1.3221792500E-01    1.0000000000E+00
P   1  1.00
    3.3039565000E-02    1.0000000000E+00
D   4  1.00
    9.6631500000E-01   -1.1745472145E+00
    8.9382800000E-01    1.2240417976E+00
    2.7319500000E-01    4.1616826620E-01
    1.0389100000E-01    6.1155569944E-01
D   1  1.00
    3.5578000000E-02    1.0000000000E+00
F   4  1.00
    1.0000000000E+01    1.0014120880E-01
    3.2000000000E+00    2.8807744997E-01
    1.0000000000E+00    4.8012908327E-01
    3.2000000000E-01    4.9384705668E-01
****
-La 0
S   2  1.00
    5.0873990000E+00   -1.0478700511E+00
    4.2709780000E+00    2.0356076574E+00
S   1  1.00
    2.1823804000E+00    1.0000000000E+00
S   1  1.00
    4.8954926500E-01    1.0000000000E+00
S   1  1.00
    2.3292032500E-01    1.0000000000E+00
S   1  1.00
    5.5595530000E-02    1.0000000000E+00
S   1  1.00
    2.2795185000E-02    1.0000000000E+00
P   4  1.00
    3.0251610000E+00   -3.2309242176E-01
    2.3820950000E+00    5.8466255379E-01
    6.7246658100E-01   -5.0671357571E-01
    3.2519427200E-01   -6.6545162821E-01
P   1  1.00
    1.3635489400E-01    1.0000000000E+00
P   1  1.00
    2.5100000000E-02    1.0000000000E+00
D   4  1.00
    1.2667182020E+00   -1.9491299739E-01
    8.9049882700E-01    2.8084903048E-01
    3.2947291000E-01    4.9834473605E-01
    1.3398788800E-01    5.0140837187E-01
D   1  1.00
    5.1275503000E-02    1.0000000000E+00
F   1  1.00
    2.5683000000E-01    1.0000000000E+00
****
-Ce 0
S   5  1.00
    6.6920681013E+04    1.3868462720E-03
    7.1424189995E+03    1.6351243756E-02
    1.1492279001E+03    1.0623608942E-01
    6.2604740004E+02    2.0921767137E-02
    1.3728129971E+02    9.2505684896E-01
S   1  1.00
    3.6635533038E+01    1.0000000000E+00
S   1  1.00
    2.5975592159E+01    1.0000000000E+00
S   1  1.00
    1.1889999574E+01    1.0000000000E+00
S   1  1.00
    3.0252141610E+00    1.0000000000E+00
S   1  1.00
    1.5668772370E+00    1.0000000000E+00
S   1  1.00
    5.9326815400E-01    1.0000000000E+00
S   1  1.00
    2.6343106500E-01    1.0000000000E+00
S   1  1.00
    4.9133748000E-02    1.0000000000E+00
S   1  1.00
    2.0685546000E-02    1.0000000000E+00
P   5  1.00
    3.2707561956E+02   -1.5514158010E-03
    1.0994564007E+02   -1.2165445713E-03
    2.1575915783E+01   -3.2738391562E-01
    1.3204880001E+01    1.1489922339E+00
    2.9004539970E+00   -1.1966235701E+00
P   3  1.00
    6.4426597320E+00   -2.1142565388E-01
    3.7874569110E+00   -4.6552021141E-01
    1.8328214810E+00   -3.8638204466E-01
P   1  1.00
    1.0537771290E+00    1.0000000000E+00
P   1  1.00
    5.2732910400E-01    1.0000000000E+00
P   1  1.00
    2.1315321800E-01    1.0000000000E+00
P   1  1.00
    3.4898393000E-02    1.0000000000E+00
D   6  1.00
    3.5143296951E+02    2.8102026517E-04
    1.1198285958E+02    1.3137274806E-03
    3.5871595375E+01    1.0966896538E-02
    1.3727132278E+01   -1.1423491153E-01
    7.4300189900E+00    3.2859254851E-01
    3.3622108640E+00    7.8953149727E-01
D   1  1.00
    1.4312365880E+00    1.0000000000E+00
D   1  1.00
    4.3709174300E-01    1.0000000000E+00
D   1  1.00
    1.2735487200E-01    1.0000000000E+00
F   5  1.00
    7.9378991738E+01    8.4917644098E-03
    2.8911396995E+01    6.2048348877E-02
    1.3740248106E+01    1.5644771383E-01
    6.2266295630E+00    3.9075427164E-01
    2.5207644230E+00    5.9593467822E-01
F   1  1.00
    9.4811920500E-01    1.0000000000E+00
F   1  1.00
    3.1387499800E-01    1.0000000000E+00
G   1  1.00
    3.7110000000E-01    1.0000000000E+00
****
-Pr 0
S   5  1.00
    6.6920681015E+04    1.5606572647E-03
    1.0906625000E+04    1.0538549231E-02
    2.6354146996E+03    5.0071412516E-02
    7.1390510061E+02    1.7926726349E-01
    1.4001389967E+02    8.5331840384E-01
S   1  1.00
    3.8100154093E+01    1.0000000000E+00
S   1  1.00
    2.7016551206E+01    1.0000000000E+00
S   1  1.00
    1.2532871591E+01    1.0000000000E+00
S   1  1.00
    3.1667949540E+00    1.0000000000E+00
S   1  1.00
    1.6477546010E+00    1.0000000000E+00
S   1  1.00
    6.1574974100E-01    1.0000000000E+00
S   1  1.00
    2.7750298100E-01    1.0000000000E+00
S   1  1.00
    5.2191416000E-02    1.0000000000E+00
S   1  1.00
    2.1039700000E-02    1.0000000000E+00
P   5  1.00
    3.3508596105E+02   -1.8006372871E-03
    1.0962390003E+02   -4.0148043612E-03
    2.2097167348E+01   -3.2036581769E-01
    1.3617749969E+01    1.1229379357E+00
    2.8337933990E+00   -1.1696028790E+00
P   3  1.00
    6.4259834170E+00   -2.1109107464E-01
    4.0716446270E+00   -4.6815326494E-01
    1.8766169290E+00   -3.8418817356E-01
P   1  1.00
    8.7659348600E-01    1.0000000000E+00
P   1  1.00
    4.3730332100E-01    1.0000000000E+00
P   1  1.00
    1.8792836200E-01    1.0000000000E+00
P   1  1.00
    3.5682474000E-02    1.0000000000E+00
D   6  1.00
    3.5429145885E+02    3.3195828981E-04
    1.0735616142E+02    1.6905068066E-03
    3.6668977420E+01    1.3480123071E-02
    1.4289045043E+01   -8.0483361678E-02
    7.3106669750E+00    3.4794267992E-01
    3.3824841620E+00    7.4927748919E-01
D   1  1.00
    1.4547830240E+00    1.0000000000E+00
D   1  1.00
    4.4101265500E-01    1.0000000000E+00
D   1  1.00
    1.2674153300E-01    1.0000000000E+00
F   5  1.00
    8.0308931263E+01    9.1436142073E-03
    2.9466393817E+01    7.2649654185E-02
    1.4273415822E+01    1.5604649206E-01
    6.9386163870E+00    3.7333304984E-01
    2.9117157310E+00    5.9487404440E-01
F   1  1.00
    1.1227836430E+00    1.0000000000E+00
F   1  1.00
    3.8494384300E-01    1.0000000000E+00
G   1  1.00
    4.0950000000E-01    1.0000000000E+00
****
-Nd 0
S   5  1.00
    6.7945589998E+04    2.1537838272E-03
    9.4044082999E+03    1.7842140223E-02
    2.0843176993E+03    8.6183604176E-02
    5.8698950146E+02    2.4972379986E-01
    1.4294059959E+02    7.5897470077E-01
S   1  1.00
    3.9693624133E+01    1.0000000000E+00
S   1  1.00
    2.8133555003E+01    1.0000000000E+00
S   1  1.00
    1.3073869856E+01    1.0000000000E+00
S   1  1.00
    3.3462733220E+00    1.0000000000E+00
S   1  1.00
    1.7240490410E+00    1.0000000000E+00
S   1  1.00
    6.4202941000E-01    1.0000000000E+00
S   1  1.00
    2.8282444900E-01    1.0000000000E+00
S   1  1.00
    5.1912354000E-02    1.0000000000E+00
S   1  1.00
    2.1700000000E-02    1.0000000000E+00
P   5  1.00
    3.3791791098E+02   -3.1271711553E-03
    1.0672630985E+02   -7.1877225458E-03
    2.2902021939E+01   -3.3027657152E-01
    1.4182626993E+01    1.1263196639E+00
    2.9833820010E+00   -1.1799807300E+00
P   3  1.00
    6.6991804790E+00   -2.1421605207E-01
    4.1313898190E+00   -4.7399148785E-01
    1.9296521950E+00   -3.7511011835E-01
P   1  1.00
    9.8289917100E-01    1.0000000000E+00
P   1  1.00
    4.6725112100E-01    1.0000000000E+00
P   1  1.00
    1.9101301200E-01    1.0000000000E+00
P   1  1.00
    3.2216083000E-02    1.0000000000E+00
D   6  1.00
    3.4997103999E+02    4.0972308224E-04
    1.0630916032E+02    3.2281866133E-03
    3.8084790456E+01    1.6605202738E-02
    1.5190266675E+01   -5.0927498507E-02
    7.3468424900E+00    3.6230182783E-01
    3.7457186250E+00    7.0690109005E-01
D   1  1.00
    1.8206864380E+00    1.0000000000E+00
D   1  1.00
    8.0467431400E-01    1.0000000000E+00
D   1  1.00
    1.5580459800E-01    1.0000000000E+00
F   5  1.00
    7.7665409193E+01    1.0914901129E-02
    2.9584871085E+01    7.4417269675E-02
    1.4306700869E+01    1.6967568386E-01
    6.7961131910E+00    3.8216903260E-01
    2.8312623070E+00    5.7857681388E-01
F   1  1.00
    1.0716150260E+00    1.0000000000E+00
F   1  1.00
    3.5287431900E-01    1.0000000000E+00
G   1  1.00
    4.3120000000E-01    1.0000000000E+00
****
-Pm 0
S   5  1.00
    6.9643016176E+04    2.4998725095E-03
    1.0512975999E+04    1.9202328387E-02
    2.3025577969E+03    9.9813933604E-02
    6.0432326068E+02    3.2332673321E-01
    1.5576229941E+02    6.8030700266E-01
S   1  1.00
    4.3173804972E+01    1.0000000000E+00
S   1  1.00
    2.7981875362E+01    1.0000000000E+00
S   1  1.00
    1.3759168425E+01    1.0000000000E+00
S   1  1.00
    3.4726211610E+00    1.0000000000E+00
S   1  1.00
    1.7876809720E+00    1.0000000000E+00
S   1  1.00
    6.6385932600E-01    1.0000000000E+00
S   1  1.00
    2.9432286600E-01    1.0000000000E+00
S   1  1.00
    5.3777377000E-02    1.0000000000E+00
S   1  1.00
    2.2018457000E-02    1.0000000000E+00
P   5  1.00
    3.3976458492E+02   -3.8628159975E-03
    1.0661582962E+02   -9.9737723908E-03
    2.3794945082E+01   -3.3592479128E-01
    1.4890097958E+01    1.1063117391E+00
    3.1414930060E+00   -1.1900137235E+00
P   3  1.00
    6.8176925830E+00   -2.1696106647E-01
    4.2360890660E+00   -4.7253471513E-01
    1.8070700790E+00   -3.8415172976E-01
P   1  1.00
    8.3763790200E-01    1.0000000000E+00
P   1  1.00
    3.3437243500E-01    1.0000000000E+00
P   1  1.00
    9.6665954000E-02    1.0000000000E+00
P   1  1.00
    2.9345375000E-02    1.0000000000E+00
D   6  1.00
    3.4078166324E+02    6.2480311447E-04
    1.0367954340E+02    4.0688396954E-03
    3.7212747099E+01    2.2080543029E-02
    1.6602821939E+01   -1.7181378022E-02
    7.1740013080E+00    3.7850695433E-01
    3.5481812680E+00    6.7299377342E-01
D   1  1.00
    1.6031227150E+00    1.0000000000E+00
D   1  1.00
    5.2788598900E-01    1.0000000000E+00
D   1  1.00
    1.5181013100E-01    1.0000000000E+00
F   5  1.00
    7.2470874239E+01    1.5366114816E-02
    2.9754673135E+01    7.9137403071E-02
    1.5159459966E+01    1.7186463672E-01
    7.3059158560E+00    3.8498945047E-01
    3.1235836070E+00    5.6220718306E-01
F   1  1.00
    1.2296570330E+00    1.0000000000E+00
F   1  1.00
    4.2651965800E-01    1.0000000000E+00
G   1  1.00
    4.5190000000E-01    1.0000000000E+00
****
-Sm 0
S   5  1.00
    7.0078183999E+04    3.2917925954E-03
    1.0598384001E+04    2.4728146998E-02
    2.4138659813E+03    1.1931401211E-01
    6.7774958354E+02    3.6813579613E-01
    2.0850729961E+02    6.0342207371E-01
S   1  1.00
    3.9361834556E+01    1.0000000000E+00
S   1  1.00
    2.8000117581E+01    1.0000000000E+00
S   1  1.00
    1.4359901230E+01    1.0000000000E+00
S   1  1.00
    3.6115081440E+00    1.0000000000E+00
S   1  1.00
    1.8452436660E+00    1.0000000000E+00
S   1  1.00
    6.8755398700E-01    1.0000000000E+00
S   1  1.00
    3.0004687900E-01    1.0000000000E+00
S   1  1.00
    5.3898523000E-02    1.0000000000E+00
S   1  1.00
    2.2400000000E-02    1.0000000000E+00
P   5  1.00
    3.6565286301E+02   -5.5809034126E-03
    1.0529773949E+02   -1.6430789284E-02
    2.4339551161E+01   -3.4652102827E-01
    1.5293513699E+01    1.1197880982E+00
    3.2101959350E+00   -1.1889840037E+00
P   3  1.00
    7.1969927290E+00   -2.1913451419E-01
    4.3944609070E+00   -4.8530207251E-01
    1.8261131160E+00   -3.7234148071E-01
P   1  1.00
    8.4185848900E-01    1.0000000000E+00
P   1  1.00
    3.2255448000E-01    1.0000000000E+00
P   1  1.00
    8.7960642000E-02    1.0000000000E+00
P   1  1.00
    2.7281849000E-02    1.0000000000E+00
D   6  1.00
    3.8842259953E+02    6.4480761315E-04
    1.1735866087E+02    5.1655285509E-03
    4.1345650947E+01    2.4790203871E-02
    2.0624528720E+01    8.7941958932E-03
    7.3511283570E+00    3.8781759594E-01
    3.8170409170E+00    6.4384692299E-01
D   1  1.00
    1.8416227440E+00    1.0000000000E+00
D   1  1.00
    7.8138452200E-01    1.0000000000E+00
D   1  1.00
    1.5236207100E-01    1.0000000000E+00
F   5  1.00
    7.4435310286E+01    1.6306829722E-02
    2.9270586194E+01    9.2558072765E-02
    1.4541852327E+01    1.8275894817E-01
    7.1263134830E+00    3.8380847891E-01
    3.0279046740E+00    5.4859710426E-01
F   1  1.00
    1.1641116610E+00    1.0000000000E+00
F   1  1.00
    3.8851335300E-01    1.0000000000E+00
G   1  1.00
    4.6380000000E-01    1.0000000000E+00
****
-Eu 0
S   5  1.00
    7.0059419949E+04    3.5861042572E-03
    1.0776234966E+04    2.5658519041E-02
    2.4824900699E+03    1.2179693838E-01
    7.0407506082E+02    3.6909830365E-01
    2.1679260142E+02    5.9985589312E-01
S   1  1.00
    4.1471766837E+01    1.0000000000E+00
S   1  1.00
    2.9498972710E+01    1.0000000000E+00
S   1  1.00
    1.5057310790E+01    1.0000000000E+00
S   1  1.00
    3.7727553910E+00    1.0000000000E+00
S   1  1.00
    1.9221051170E+00    1.0000000000E+00
S   1  1.00
    7.1313201800E-01    1.0000000000E+00
S   1  1.00
    3.0957297100E-01    1.0000000000E+00
S   1  1.00
    5.4890137000E-02    1.0000000000E+00
S   1  1.00
    2.2706210000E-02    1.0000000000E+00
P   5  1.00
    3.6381825643E+02   -8.3778125304E-03
    1.0532639881E+02   -2.5034922755E-02
    2.5605685306E+01   -3.4439844778E-01
    1.5746330058E+01    1.1106808132E+00
    3.3155465130E+00   -1.1942333448E+00
P   3  1.00
    7.3890693880E+00   -2.1868143043E-01
    4.5696085920E+00   -4.8404956396E-01
    1.9405010920E+00   -3.7060728523E-01
P   1  1.00
    9.0025203100E-01    1.0000000000E+00
P   1  1.00
    3.4467925500E-01    1.0000000000E+00
P   1  1.00
    9.9026562000E-02    1.0000000000E+00
P   1  1.00
    2.7117031000E-02    1.0000000000E+00
D   6  1.00
    3.8895843069E+02    6.9809294986E-04
    1.1825438952E+02    5.8441712781E-03
    4.4980829930E+01    2.3054653425E-02
    2.2794111850E+01    1.7841850726E-02
    7.7117339950E+00    3.8933098831E-01
    3.9280999670E+00    6.4124195974E-01
D   1  1.00
    1.9018719830E+00    1.0000000000E+00
D   1  1.00
    8.3079077300E-01    1.0000000000E+00
D   1  1.00
    1.5011757400E-01    1.0000000000E+00
F   5  1.00
    7.7583757677E+01    1.6234939119E-02
    3.0866596970E+01    9.0575431881E-02
    1.5180664105E+01    1.9479445552E-01
    7.2916025680E+00    3.8975922806E-01
    3.1127394550E+00    5.3538218195E-01
F   1  1.00
    1.2059599670E+00    1.0000000000E+00
F   1  1.00
    4.0570730200E-01    1.0000000000E+00
G   1  1.00
    4.7520000000E-01    1.0000000000E+00
****
-Gd 0
S   5  1.00
    7.0672988842E+04    3.7585405069E-03
    1.0580420123E+04    2.7999494510E-02
    2.4663122578E+03    1.2827710183E-01
    7.1368236714E+02    3.7827596725E-01
    2.2369591430E+02    5.8265988290E-01
S   1  1.00
    4.2882440855E+01    1.0000000000E+00
S   1  1.00
    3.0594960649E+01    1.0000000000E+00
S   1  1.00
    1.5796292588E+01    1.0000000000E+00
S   1  1.00
    3.9530122870E+00    1.0000000000E+00
S   1  1.00
    2.0083476880E+00    1.0000000000E+00
S   1  1.00
    7.4791439800E-01    1.0000000000E+00
S   1  1.00
    3.2543426200E-01    1.0000000000E+00
S   1  1.00
    5.8171880000E-02    1.0000000000E+00
S   1  1.00
    2.3662469000E-02    1.0000000000E+00
P   5  1.00
    3.6675975373E+02   -1.0849234454E-02
    9.9807077813E+01   -3.4159282722E-02
    2.5498862418E+01   -3.4818396464E-01
    1.5824827186E+01    1.1261020387E+00
    3.4693745370E+00   -1.2158828284E+00
P   3  1.00
    8.2258167560E+00   -2.2036407615E-01
    4.7846927150E+00   -4.8627134816E-01
    2.0168765840E+00   -3.7191696448E-01
P   1  1.00
    9.7079278500E-01    1.0000000000E+00
P   1  1.00
    3.7486899900E-01    1.0000000000E+00
P   1  1.00
    1.0441243800E-01    1.0000000000E+00
P   1  1.00
    2.8325755000E-02    1.0000000000E+00
D   6  1.00
    4.0572356198E+02    8.0901579829E-04
    1.2305344944E+02    7.0831735034E-03
    4.6085118127E+01    2.9550735401E-02
    2.0104383231E+01    4.0734832917E-02
    7.8258997680E+00    3.9711417141E-01
    3.9400714320E+00    6.1956716069E-01
D   1  1.00
    1.8215864240E+00    1.0000000000E+00
D   1  1.00
    5.9087478800E-01    1.0000000000E+00
D   1  1.00
    1.6712976300E-01    1.0000000000E+00
F   5  1.00
    8.3081389310E+01    1.5966067758E-02
    3.2747387574E+01    9.3171935446E-02
    1.6030306565E+01    2.0468826225E-01
    7.5799787880E+00    4.0247081748E-01
    3.2777593130E+00    5.1176329306E-01
F   1  1.00
    1.3242580570E+00    1.0000000000E+00
F   1  1.00
    4.6934193300E-01    1.0000000000E+00
G   1  1.00
    4.7570000000E-01    1.0000000000E+00
****
-Tb 0
S   5  1.00
    7.2673311488E+04    3.7962194892E-03
    1.0989650477E+04    2.8666186450E-02
    2.5210983866E+03    1.3112010032E-01
    7.2809478097E+02    3.8578601153E-01
    2.2699792207E+02    5.7345723051E-01
S   1  1.00
    4.5989671787E+01    1.0000000000E+00
S   1  1.00
    3.0473312203E+01    1.0000000000E+00
S   1  1.00
    1.5779661091E+01    1.0000000000E+00
S   1  1.00
    4.0279316030E+00    1.0000000000E+00
S   1  1.00
    2.0672798740E+00    1.0000000000E+00
S   1  1.00
    7.4668603700E-01    1.0000000000E+00
S   1  1.00
    3.2664475900E-01    1.0000000000E+00
S   1  1.00
    5.6909504000E-02    1.0000000000E+00
S   1  1.00
    2.3027801000E-02    1.0000000000E+00
P   5  1.00
    3.5714642927E+02   -1.4298101142E-02
    9.4399796698E+01   -4.3351275905E-02
    2.6370815933E+01   -3.5359626387E-01
    1.6578452270E+01    1.1394309338E+00
    3.7299580640E+00   -1.2314660554E+00
P   3  1.00
    8.9783667840E+00   -2.2491046859E-01
    5.0058387880E+00   -4.8626728306E-01
    2.0767556860E+00   -3.7271472977E-01
P   1  1.00
    1.0220961420E+00    1.0000000000E+00
P   1  1.00
    3.8451203800E-01    1.0000000000E+00
P   1  1.00
    9.3403626000E-02    1.0000000000E+00
P   1  1.00
    2.9116324000E-02    1.0000000000E+00
D   6  1.00
    4.1038724477E+02    1.0243046808E-03
    1.2450624931E+02    8.8894862059E-03
    4.6060723795E+01    3.7319742993E-02
    1.9254887385E+01    6.7183416176E-02
    7.7611676900E+00    4.0244046923E-01
    3.8319967730E+00    5.9808465152E-01
D   1  1.00
    1.7333839590E+00    1.0000000000E+00
D   1  1.00
    5.5146364900E-01    1.0000000000E+00
D   1  1.00
    1.5354959300E-01    1.0000000000E+00
F   5  1.00
    8.9372383646E+01    1.5166090823E-02
    3.4757223207E+01    9.4781788478E-02
    1.6680730120E+01    2.1485462909E-01
    7.8085811600E+00    4.0446493333E-01
    3.3636964760E+00    5.0342436554E-01
F   1  1.00
    1.3483161210E+00    1.0000000000E+00
F   1  1.00
    4.7311576500E-01    1.0000000000E+00
G   1  1.00
    4.7760000000E-01    1.0000000000E+00
****
-Dy 0
S   5  1.00
    7.8529948072E+04    3.6902562807E-03
    1.1854699114E+04    2.7679576154E-02
    2.7179950256E+03    1.2944276212E-01
    7.7814268262E+02    3.8424884784E-01
    2.4208688500E+02    5.7716395281E-01
S   1  1.00
    4.8350673998E+01    1.0000000000E+00
S   1  1.00
    3.1843930831E+01    1.0000000000E+00
S   1  1.00
    1.6873742242E+01    1.0000000000E+00
S   1  1.00
    4.2046140100E+00    1.0000000000E+00
S   1  1.00
    2.1291156310E+00    1.0000000000E+00
S   1  1.00
    7.8388753800E-01    1.0000000000E+00
S   1  1.00
    3.4245228500E-01    1.0000000000E+00
S   1  1.00
    5.9190583000E-02    1.0000000000E+00
S   1  1.00
    2.3700815000E-02    1.0000000000E+00
P   5  1.00
    3.7696796859E+02   -1.7563777513E-02
    9.8858655817E+01   -5.5083896633E-02
    2.6884229461E+01   -3.3096741418E-01
    1.6404088678E+01    1.1194815444E+00
    3.8008754880E+00   -1.2464918376E+00
P   3  1.00
    1.1010202433E+01   -2.4077803835E-01
    5.4423045780E+00   -4.9906219027E-01
    2.0660769990E+00   -3.6425219529E-01
P   1  1.00
    1.1129094540E+00    1.0000000000E+00
P   1  1.00
    4.2234512700E-01    1.0000000000E+00
P   1  1.00
    1.2007617100E-01    1.0000000000E+00
P   1  1.00
    3.2387495000E-02    1.0000000000E+00
D   6  1.00
    4.0890774405E+02    1.2887052494E-03
    1.2519030341E+02    9.6458609460E-03
    4.6688028092E+01    4.3238829417E-02
    1.8759769159E+01    8.3377205122E-02
    7.7821827370E+00    4.0827966497E-01
    3.7424993820E+00    5.8304432542E-01
D   1  1.00
    1.6344044470E+00    1.0000000000E+00
D   1  1.00
    4.8583613500E-01    1.0000000000E+00
D   1  1.00
    1.3345802100E-01    1.0000000000E+00
F   5  1.00
    8.6149632622E+01    1.8641987414E-02
    3.4717048147E+01    1.0022002360E-01
    1.6899122478E+01    2.2198630832E-01
    7.9036466070E+00    4.0591423479E-01
    3.4136465040E+00    4.9087737533E-01
F   1  1.00
    1.3694068890E+00    1.0000000000E+00
F   1  1.00
    4.7978951300E-01    1.0000000000E+00
G   1  1.00
    4.7820000000E-01    1.0000000000E+00
****
-Ho 0
S   5  1.00
    8.6373971970E+04    3.5089837140E-03
    1.3014199991E+04    2.6220700259E-02
    2.9742416816E+03    1.2454030936E-01
    8.4150102397E+02    3.7149647234E-01
    2.5812229953E+02    5.9585083458E-01
S   1  1.00
    4.9797436241E+01    1.0000000000E+00
S   1  1.00
    3.5619129432E+01    1.0000000000E+00
S   1  1.00
    1.8132831603E+01    1.0000000000E+00
S   1  1.00
    4.4388465320E+00    1.0000000000E+00
S   1  1.00
    2.2178997010E+00    1.0000000000E+00
S   1  1.00
    8.2910712500E-01    1.0000000000E+00
S   1  1.00
    3.5754269500E-01    1.0000000000E+00
S   1  1.00
    6.0448304000E-02    1.0000000000E+00
S   1  1.00
    2.4325814000E-02    1.0000000000E+00
P   5  1.00
    3.7506118609E+02   -2.0766878032E-02
    9.9913165016E+01   -6.2997032144E-02
    2.7864912243E+01   -3.0024168163E-01
    1.6549344888E+01    1.0610245237E+00
    3.9370381920E+00   -1.2611690185E+00
P   3  1.00
    1.1888029769E+01   -2.6851651992E-01
    5.8162113190E+00   -4.7598237623E-01
    2.1380311990E+00   -3.6882229195E-01
P   1  1.00
    1.5218672660E+00    1.0000000000E+00
P   1  1.00
    6.2990396400E-01    1.0000000000E+00
P   1  1.00
    2.4707353300E-01    1.0000000000E+00
P   1  1.00
    3.8623979000E-02    1.0000000000E+00
D   6  1.00
    4.5417722117E+02    1.3213128370E-03
    1.3809620072E+02    1.0890900010E-02
    5.2230007807E+01    4.6546893531E-02
    2.1837837917E+01    1.0039083743E-01
    8.5371238220E+00    3.8193894055E-01
    4.1763491630E+00    5.9744080951E-01
D   1  1.00
    1.8539028380E+00    1.0000000000E+00
D   1  1.00
    5.5365841800E-01    1.0000000000E+00
D   1  1.00
    1.5020740900E-01    1.0000000000E+00
F   5  1.00
    1.0824992900E+02    1.2143837253E-02
    4.0685432927E+01    8.9187577588E-02
    1.8662280664E+01    2.3172927716E-01
    8.3486301090E+00    4.1887173313E-01
    3.5665363920E+00    4.8665229587E-01
F   1  1.00
    1.4413881000E+00    1.0000000000E+00
F   1  1.00
    5.0707136500E-01    1.0000000000E+00
G   1  1.00
    4.9850000000E-01    1.0000000000E+00
****
-Er 0
S   5  1.00
    8.9905087967E+04    3.4582600025E-03
    1.3532874009E+04    2.6251382610E-02
    3.0873041851E+03    1.2451940466E-01
    8.7091988365E+02    3.6953751995E-01
    2.6342619956E+02    5.9927582248E-01
S   1  1.00
    5.2500713895E+01    1.0000000000E+00
S   1  1.00
    3.7581382089E+01    1.0000000000E+00
S   1  1.00
    1.8912971679E+01    1.0000000000E+00
S   1  1.00
    4.6239214500E+00    1.0000000000E+00
S   1  1.00
    2.3041930970E+00    1.0000000000E+00
S   1  1.00
    8.5863413000E-01    1.0000000000E+00
S   1  1.00
    3.7110262800E-01    1.0000000000E+00
S   1  1.00
    6.1662491000E-02    1.0000000000E+00
S   1  1.00
    2.4584445000E-02    1.0000000000E+00
P   5  1.00
    4.1460237000E+02   -2.0462553985E-02
    1.0884329626E+02   -6.7145411776E-02
    3.1617029575E+01   -2.3678234876E-01
    1.6756354088E+01    9.8504573187E-01
    4.3246811920E+00   -1.2971242469E+00
P   3  1.00
    1.2016230353E+01   -3.0004802605E-01
    6.0054176470E+00   -4.3882985588E-01
    2.4556283410E+00   -3.6411707798E-01
P   1  1.00
    1.6586351400E+00    1.0000000000E+00
P   1  1.00
    6.8003410300E-01    1.0000000000E+00
P   1  1.00
    2.7167236100E-01    1.0000000000E+00
P   1  1.00
    6.8570273000E-02    1.0000000000E+00
P   1  1.00
    2.6118405000E-02    1.0000000000E+00
D   6  1.00
    4.4245728590E+02    1.8659935131E-03
    1.3420246886E+02    1.4882548623E-02
    5.1740820342E+01    6.0376210062E-02
    2.1674727910E+01    1.3414089463E-01
    8.6565948050E+00    3.7173020671E-01
    4.2019652920E+00    5.7973926085E-01
D   1  1.00
    1.8425605550E+00    1.0000000000E+00
D   1  1.00
    5.3932759100E-01    1.0000000000E+00
D   1  1.00
    1.4463366700E-01    1.0000000000E+00
F   5  1.00
    9.7460421254E+01    1.5832198387E-02
    3.7497554672E+01    9.9705428602E-02
    1.8142214451E+01    2.2933108678E-01
    8.6138851630E+00    4.0158891954E-01
    3.7452822400E+00    4.8696203946E-01
F   1  1.00
    1.4954025310E+00    1.0000000000E+00
F   1  1.00
    5.2001167700E-01    1.0000000000E+00
G   1  1.00
    5.0180000000E-01    1.0000000000E+00
****
-Tm 0
S   5  1.00
    9.1965759228E+04    3.4404237880E-03
    1.3821594353E+04    2.6571037637E-02
    3.1437521729E+03    1.2550741069E-01
    8.8260127815E+02    3.6895528008E-01
    2.6184789278E+02    6.0110838013E-01
S   1  1.00
    5.5446250820E+01    1.0000000000E+00
S   1  1.00
    3.9701306530E+01    1.0000000000E+00
S   1  1.00
    1.9614500411E+01    1.0000000000E+00
S   1  1.00
    4.8055266290E+00    1.0000000000E+00
S   1  1.00
    2.3958621920E+00    1.0000000000E+00
S   1  1.00
    8.8600032900E-01    1.0000000000E+00
S   1  1.00
    3.8296645800E-01    1.0000000000E+00
S   1  1.00
    6.3324394000E-02    1.0000000000E+00
S   1  1.00
    2.4839453000E-02    1.0000000000E+00
P   5  1.00
    4.4774034769E+02   -2.8595123227E-02
    1.2661598061E+02   -8.0257726022E-02
    4.2846030212E+01   -1.8199043751E-01
    1.4620143654E+01    1.2087694165E+00
    5.3826925330E+00   -1.5605485455E+00
P   3  1.00
    1.1997380080E+01   -3.1925909235E-01
    9.6939488610E+00   -4.2875898355E-01
    2.0511563110E+00   -4.0329128389E-01
P   1  1.00
    3.5246020270E+00    1.0000000000E+00
P   1  1.00
    1.0748212750E+00    1.0000000000E+00
P   1  1.00
    3.9017415800E-01    1.0000000000E+00
P   1  1.00
    8.6765808000E-02    1.0000000000E+00
P   1  1.00
    2.8346700000E-02    1.0000000000E+00
D   6  1.00
    4.6365232204E+02    1.9573975183E-03
    1.4085622654E+02    1.5819134364E-02
    5.3717359731E+01    6.5024052106E-02
    2.2468683724E+01    1.4353155159E-01
    8.9380983390E+00    3.7478617841E-01
    4.3437773170E+00    5.6840141878E-01
D   1  1.00
    1.9183720210E+00    1.0000000000E+00
D   1  1.00
    5.4418575000E-01    1.0000000000E+00
D   1  1.00
    1.4117024800E-01    1.0000000000E+00
F   5  1.00
    9.6827799324E+01    1.7402653667E-02
    4.0949653187E+01    8.5940861737E-02
    1.9695397309E+01    2.3989823351E-01
    8.7315556940E+00    4.2242099305E-01
    3.6689468470E+00    4.7859156866E-01
F   1  1.00
    1.4459429550E+00    1.0000000000E+00
F   1  1.00
    5.0245034800E-01    1.0000000000E+00
G   1  1.00
    5.0660000000E-01    1.0000000000E+00
****
-Yb 0
S   5  1.00
    9.1989726027E+04    3.6349177254E-03
    1.3799296585E+04    2.5602721691E-02
    3.0960050039E+03    1.2793922035E-01
    8.6911012492E+02    3.5411169695E-01
    2.5089341319E+02    6.1715706258E-01
S   1  1.00
    5.8413769586E+01    1.0000000000E+00
S   1  1.00
    4.1782846557E+01    1.0000000000E+00
S   1  1.00
    2.0259771605E+01    1.0000000000E+00
S   1  1.00
    4.9937685490E+00    1.0000000000E+00
S   1  1.00
    2.4825729800E+00    1.0000000000E+00
S   1  1.00
    9.1759459900E-01    1.0000000000E+00
S   1  1.00
    3.8551515000E-01    1.0000000000E+00
S   1  1.00
    6.1370083000E-02    1.0000000000E+00
S   1  1.00
    2.4997100000E-02    1.0000000000E+00
P   5  1.00
    4.1686700956E+02   -8.3783119600E-02
    9.6481417683E+01   -2.9953699900E-01
    4.0013959677E+01   -2.1888444698E-01
    1.5610360735E+01    1.2314832639E+00
    6.0887652360E+00   -1.5749960528E+00
P   3  1.00
    8.3561524310E+00   -3.3472675702E-01
    7.2255442220E+00   -3.9962564537E-01
    1.9208084520E+00   -3.7976591911E-01
P   1  1.00
    3.7770764520E+00    1.0000000000E+00
P   1  1.00
    1.0545931620E+00    1.0000000000E+00
P   1  1.00
    3.7562762000E-01    1.0000000000E+00
P   1  1.00
    7.9149271000E-02    1.0000000000E+00
P   1  1.00
    2.5355671000E-02    1.0000000000E+00
D   6  1.00
    3.8896482736E+02    3.1885033565E-03
    1.3749130274E+02    1.8155747878E-02
    5.5792345891E+01    7.6218395610E-02
    2.2571827044E+01    1.8010628659E-01
    9.0035643470E+00    3.5891560318E-01
    4.2976890360E+00    5.5666395624E-01
D   1  1.00
    1.8355580550E+00    1.0000000000E+00
D   1  1.00
    5.1822929500E-01    1.0000000000E+00
D   1  1.00
    1.5172122700E-01    1.0000000000E+00
F   5  1.00
    1.0601035185E+02    1.4203281428E-02
    3.9247515245E+01    1.0407091682E-01
    1.7204384375E+01    2.8107074670E-01
    7.3139367740E+00    4.3665748224E-01
    2.9896508330E+00    4.3304248499E-01
F   1  1.00
    1.1471116130E+00    1.0000000000E+00
F   1  1.00
    3.8042267800E-01    1.0000000000E+00
G   1  1.00
    5.1330000000E-01    1.0000000000E+00
****
-Lu 0
S   5  1.00
    9.5170170993E+04    3.0946055104E-03
    1.5488459998E+04    2.0464586196E-02
    3.7762465986E+03    9.1517195262E-02
    1.0790522042E+03    2.8614212776E-01
    2.6895400890E+02    7.1963116254E-01
S   1  1.00
    6.3480150654E+01    1.0000000000E+00
S   1  1.00
    4.5178236733E+01    1.0000000000E+00
S   1  1.00
    2.1463101062E+01    1.0000000000E+00
S   1  1.00
    5.3501284740E+00    1.0000000000E+00
S   1  1.00
    2.6784324210E+00    1.0000000000E+00
S   1  1.00
    1.0286996370E+00    1.0000000000E+00
S   1  1.00
    4.4065582300E-01    1.0000000000E+00
S   1  1.00
    7.9102478000E-02    1.0000000000E+00
S   1  1.00
    3.1295760000E-02    1.0000000000E+00
P   5  1.00
    4.8941244804E+02   -3.0475771385E-02
    1.3395373952E+02   -8.9483838497E-02
    4.5499231322E+01   -1.8250759564E-01
    1.5561271894E+01    1.2207598940E+00
    5.8487824790E+00   -1.5819664103E+00
P   3  1.00
    1.2304490544E+01   -3.2457400869E-01
    1.1051197278E+01   -4.3200716654E-01
    2.0069549240E+00   -4.0794189428E-01
P   1  1.00
    3.7750599970E+00    1.0000000000E+00
P   1  1.00
    1.1351251250E+00    1.0000000000E+00
P   1  1.00
    4.0414348900E-01    1.0000000000E+00
P   1  1.00
    8.1876438000E-02    1.0000000000E+00
P   1  1.00
    2.9091072000E-02    1.0000000000E+00
D   6  1.00
    4.8798257108E+02    2.6362011727E-03
    1.4693406718E+02    2.1519101068E-02
    5.5761579916E+01    8.8817081529E-02
    2.2898741759E+01    1.9359491062E-01
    9.1045787830E+00    3.6920714523E-01
    4.1457846320E+00    5.3745513010E-01
D   1  1.00
    1.7383363790E+00    1.0000000000E+00
D   1  1.00
    4.7338644300E-01    1.0000000000E+00
D   1  1.00
    1.2126581100E-01    1.0000000000E+00
F   5  1.00
    1.1027466442E+02    1.5035893282E-02
    4.1223249497E+01    1.0768254461E-01
    1.7728967182E+01    2.9089391149E-01
    7.4262392640E+00    4.3933164527E-01
    3.0434594520E+00    4.2135378402E-01
F   1  1.00
    1.1752462620E+00    1.0000000000E+00
F   1  1.00
    3.8920482900E-01    1.0000000000E+00
G   1  1.00
    7.0090000000E-01    1.0000000000E+00
****
-Hf 0
S   2  1.00
    1.4592485000E+01   -1.0819410429E+00
    1.1547491000E+01    2.0589671500E+00
S   1  1.00
    4.9112973930E+00    1.0000000000E+00
S   1  1.00
    7.9665469400E-01    1.0000000000E+00
S   1  1.00
    3.4234072900E-01    1.0000000000E+00
S   1  1.00
    9.8109198000E-02    1.0000000000E+00
S   1  1.00
    3.6190984000E-02    1.0000000000E+00
P   4  1.00
    6.7265310000E+00    7.1439145133E-01
    5.9599790000E+00   -9.1898743150E-01
    1.0921117050E+00    5.5515125891E-01
    4.9702823200E-01    5.7046395397E-01
P   1  1.00
    2.0258973800E-01    1.0000000000E+00
P   1  1.00
    3.3600000000E-02    1.0000000000E+00
D   4  1.00
    3.9820623230E+00   -4.7854328690E-02
    1.3077987770E+00    2.0754864304E-01
    5.3272310300E-01    4.6770204981E-01
    2.0564954500E-01    4.9859189665E-01
D   1  1.00
    7.3099859000E-02    1.0000000000E+00
F   1  1.00
    3.1547000000E-01    1.0000000000E+00
****
-Ta 0
S   2  1.00
    1.4400000000E+01    1.4764043847E+00
    1.2000000000E+01   -2.4536684721E+00
S   1  1.00
    5.0701477300E+00    1.0000000000E+00
S   1  1.00
    8.6033356500E-01    1.0000000000E+00
S   1  1.00
    3.7158938900E-01    1.0000000000E+00
S   1  1.00
    1.0745336200E-01    1.0000000000E+00
S   1  1.00
    3.9142777000E-02    1.0000000000E+00
P   4  1.00
    7.4188720000E+00    2.9653883571E-01
    5.6984100000E+00   -5.1624361456E-01
    1.1777211960E+00    5.5950740196E-01
    5.4478533500E-01    5.7481879479E-01
P   1  1.00
    2.2309270100E-01    1.0000000000E+00
P   1  1.00
    4.3100000000E-02    1.0000000000E+00
D   4  1.00
    3.9738796280E+00   -5.8816968767E-02
    1.4528884810E+00    2.0673453556E-01
    6.1042908500E-01    4.7855215205E-01
    2.4216276500E-01    4.8454706569E-01
D   1  1.00
    8.7909318000E-02    1.0000000000E+00
F   1  1.00
    3.7386000000E-01    1.0000000000E+00
****
-W 0
S   2  1.00
    1.5000000000E+01   -1.1137185610E+00
    1.2000000000E+01    2.0918746723E+00
S   1  1.00
    5.2610967730E+00    1.0000000000E+00
S   1  1.00
    9.2785370300E-01    1.0000000000E+00
S   1  1.00
    4.0334458200E-01    1.0000000000E+00
S   1  1.00
    1.1585976700E-01    1.0000000000E+00
S   1  1.00
    4.1800474000E-02    1.0000000000E+00
P   4  1.00
    7.2496570000E+00    5.0263701353E-01
    6.0848760000E+00   -7.3131893330E-01
    1.2523777810E+00    5.7095726605E-01
    5.8569208900E-01    5.6871395901E-01
P   1  1.00
    2.4106964300E-01    1.0000000000E+00
P   1  1.00
    4.0300000000E-02    1.0000000000E+00
D   4  1.00
    4.0131231330E+00   -7.0186304835E-02
    1.6237452450E+00    2.0422592885E-01
    6.9187452400E-01    4.8831737157E-01
    2.7865835300E-01    4.7765639151E-01
D   1  1.00
    1.0225296500E-01    1.0000000000E+00
F   1  1.00
    4.3199000000E-01    1.0000000000E+00
****
-Re 0
S   2  1.00
    1.4781862000E+01   -1.3989965693E+00
    1.2324075000E+01    2.3782440178E+00
S   1  1.00
    5.5098597280E+00    1.0000000000E+00
S   1  1.00
    9.8874104700E-01    1.0000000000E+00
S   1  1.00
    4.2833312000E-01    1.0000000000E+00
S   1  1.00
    1.2296804500E-01    1.0000000000E+00
S   1  1.00
    4.3949852000E-02    1.0000000000E+00
P   4  1.00
    7.4040050000E+00    5.9578787130E-01
    6.3502060000E+00   -8.3170661372E-01
    1.3311713460E+00    5.8203109025E-01
    6.2659600600E-01    5.6269392888E-01
P   1  1.00
    2.5922718700E-01    1.0000000000E+00
P   1  1.00
    4.8300000000E-02    1.0000000000E+00
D   4  1.00
    4.0616274920E+00   -8.4546749843E-02
    1.8487943290E+00    1.9924375764E-01
    7.8702048400E-01    4.9802149145E-01
    3.2069843200E-01    4.7707394707E-01
D   1  1.00
    1.1892743000E-01    1.0000000000E+00
F   1  1.00
    4.8989000000E-01    1.0000000000E+00
****
-Os 0
S   2  1.00
    1.5286736000E+01   -1.3399300444E+00
    1.2700638000E+01    2.3198012485E+00
S   1  1.00
    5.7094832500E+00    1.0000000000E+00
S   1  1.00
    1.0689228740E+00    1.0000000000E+00
S   1  1.00
    4.6783543800E-01    1.0000000000E+00
S   1  1.00
    1.3253457000E-01    1.0000000000E+00
S   1  1.00
    4.7101983000E-02    1.0000000000E+00
P   4  1.00
    7.9362790000E+00    3.7264075964E-01
    6.3036410000E+00   -6.1975420023E-01
    1.4351579680E+00    5.7557074013E-01
    6.8442749700E-01    5.7650839737E-01
P   1  1.00
    2.8347395000E-01    1.0000000000E+00
P   1  1.00
    5.8100000000E-02    1.0000000000E+00
D   4  1.00
    3.5808150000E+00   -4.8903863446E-01
    3.1961650000E+00    5.0878899107E-01
    1.0550226350E+00    4.9950595145E-01
    4.1588406600E-01    5.5131099694E-01
D   1  1.00
    1.4653507900E-01    1.0000000000E+00
F   1  1.00
    5.5065000000E-01    1.0000000000E+00
****
-Ir 0
S   2  1.00
    1.5293709000E+01   -2.2767275940E+00
    1.3573682000E+01    3.2567766805E+00
S   1  1.00
    5.8213436540E+00    1.0000000000E+00
S   1  1.00
    1.1520364270E+00    1.0000000000E+00
S   1  1.00
    5.1104895300E-01    1.0000000000E+00
S   1  1.00
    1.4084043600E-01    1.0000000000E+00
S   1  1.00
    4.9828673000E-02    1.0000000000E+00
P   4  1.00
    8.6697960000E+00    2.3801481365E-01
    6.2456140000E+00   -4.9736748317E-01
    1.5657036150E+00    5.6156098345E-01
    7.5577412900E-01    5.9924213942E-01
P   1  1.00
    3.1306011100E-01    1.0000000000E+00
P   1  1.00
    5.4800000000E-02    1.0000000000E+00
D   4  1.00
    3.6994850000E+00   -6.2752419783E-01
    3.3617430000E+00    6.5035564470E-01
    1.1177053710E+00    5.0696557988E-01
    4.4322534900E-01    5.3870802298E-01
D   1  1.00
    1.5641305100E-01    1.0000000000E+00
F   1  1.00
    6.1008000000E-01    1.0000000000E+00
****
-Pt 0
S   2  1.00
    1.6559563000E+01   -1.4034868457E+00
    1.3892440000E+01    2.3840288101E+00
S   1  1.00
    5.8531044730E+00    1.0000000000E+00
S   1  1.00
    1.2498640610E+00    1.0000000000E+00
S   1  1.00
    5.5606439500E-01    1.0000000000E+00
S   1  1.00
    1.3793093800E-01    1.0000000000E+00
S   1  1.00
    4.8989034000E-02    1.0000000000E+00
P   4  1.00
    8.1000000000E+00    7.8920946121E-01
    7.2000000000E+00   -1.0324576713E+00
    1.5588402920E+00    6.1812678586E-01
    7.3230402200E-01    5.3556358277E-01
P   1  1.00
    3.0270484700E-01    1.0000000000E+00
P   1  1.00
    5.0000000000E-02    1.0000000000E+00
D   4  1.00
    4.6299536830E+00   -9.6122201586E-02
    2.1980241250E+00    2.3170617383E-01
    9.3629991300E-01    5.0959439917E-01
    3.7160028200E-01    4.5040736892E-01
D   1  1.00
    1.3155928600E-01    1.0000000000E+00
F   1  1.00
    6.6813000000E-01    1.0000000000E+00
****
-Au 0
S   2  1.00
    2.0115299000E+01   -2.4824285872E-01
    1.2193477000E+01    1.2342233950E+00
S   1  1.00
    6.0735294370E+00    1.0000000000E+00
S   1  1.00
    1.3174451570E+00    1.0000000000E+00
S   1  1.00
    5.8596768200E-01    1.0000000000E+00
S   1  1.00
    1.3875427300E-01    1.0000000000E+00
S   1  1.00
    4.8876985000E-02    1.0000000000E+00
P   4  1.00
    8.6096650000E+00    5.4138620839E-01
    7.3353260000E+00   -7.8614254541E-01
    1.6575296370E+00    6.1993918169E-01
    7.8159310200E-01    5.3625984691E-01
P   1  1.00
    3.2384840700E-01    1.0000000000E+00
P   1  1.00
    5.4000000000E-02    1.0000000000E+00
D   4  1.00
    4.1439490000E+00   -4.1864615155E-01
    3.5682570000E+00    4.5360144985E-01
    1.2345757130E+00    5.1910459449E-01
    4.8190232300E-01    5.2079886033E-01
D   1  1.00
    1.6490636800E-01    1.0000000000E+00
F   1  1.00
    7.2482000000E-01    1.0000000000E+00
****
-Hg 0
S   2  1.00
    2.6842049000E+01   -3.3763946752E-02
    1.0320909000E+01    1.0284638331E+00
S   1  1.00
    6.3656242290E+00    1.0000000000E+00
S   1  1.00
    1.3898932100E+00    1.0000000000E+00
S   1  1.00
    6.3706742700E-01    1.0000000000E+00
S   1  1.00
    1.6047725100E-01    1.0000000000E+00
S   1  1.00
    5.6410424000E-02    1.0000000000E+00
P   4  1.00
    9.7729900000E+00    2.2807506915E-01
    7.1690950000E+00   -4.7340244202E-01
    1.7559567930E+00    6.2802609853E-01
    8.3145670400E-01    5.3075098370E-01
P   1  1.00
    3.4494917700E-01    1.0000000000E+00
P   1  1.00
    7.0000000000E-02    1.0000000000E+00
D   4  1.00
    4.2800000000E+00   -3.5240978168E-01
    3.4800000000E+00    4.1528292971E-01
    1.2535869930E+00    5.3182875592E-01
    5.0841366900E-01    4.7848608444E-01
D   1  1.00
    1.8501599400E-01    1.0000000000E+00
F   1  1.00
    7.9569000000E-01    1.0000000000E+00
****
-Tl 0
S   6  1.00
    4.5356924655E+01    5.1444677925E-03
    2.0278843336E+01   -1.4952929909E-01
    1.4420612394E+01    3.7134073311E-01
    6.2161909750E+00   -6.7484846159E-01
    1.5002511180E+00    9.7189730674E-01
    7.6330879300E-01    3.3505896238E-01
S   2  1.00
    7.8193195280E+00   -6.0694703169E-02
    1.3176904040E+00    1.0345421502E+00
S   1  1.00
    1.7643545500E-01    1.0000000000E+00
S   1  1.00
    6.5296835000E-02    1.0000000000E+00
P   4  1.00
    9.0323058020E+00    7.4310647471E-01
    7.5356419670E+00   -1.1476573258E+00
    1.0521422000E+00    8.3955336762E-01
    5.0303932700E-01    2.7630966314E-01
P   1  1.00
    2.0067660910E+00    1.0000000000E+00
P   1  1.00
    1.6675605100E-01    1.0000000000E+00
P   1  1.00
    4.8596401000E-02    1.0000000000E+00
D   5  1.00
    9.4421940760E+00    6.0019026436E-02
    7.4410003380E+00   -1.2147069977E-01
    1.9831617770E+00    3.5271199432E-01
    9.1671748600E-01    4.9000922062E-01
    3.9647207900E-01    3.1454732520E-01
D   1  1.00
    1.5500000000E-01    1.0000000000E+00
****
-Pb 0
S   6  1.00
    5.5727520333E+01    3.0229398496E-03
    2.0302912827E+01   -1.4617744368E-01
    1.4558628750E+01    3.8247858454E-01
    6.5370530970E+00   -6.8495343478E-01
    1.5933900690E+00    9.7658689181E-01
    8.3051419700E-01    3.3195675218E-01
S   2  1.00
    8.0719473650E+00   -6.4432974657E-02
    1.4165737490E+00    1.0374469804E+00
S   1  1.00
    2.0418933400E-01    1.0000000000E+00
S   1  1.00
    7.7159008000E-02    1.0000000000E+00
P   4  1.00
    9.5531412200E+00    5.5073462099E-01
    7.5327685130E+00   -9.7604901826E-01
    1.1185539570E+00    8.6371664042E-01
    5.3739855300E-01    2.5918281275E-01
P   1  1.00
    2.1359869830E+00    1.0000000000E+00
P   1  1.00
    2.0027494800E-01    1.0000000000E+00
P   1  1.00
    6.3408011000E-02    1.0000000000E+00
D   5  1.00
    1.3494505735E+01    1.1860978831E-02
    7.0609770410E+00   -6.8419120531E-02
    2.1581835370E+00    3.4830169179E-01
    1.0148541420E+00    4.9738884492E-01
    4.4632672900E-01    3.0426691226E-01
D   1  1.00
    1.7500000000E-01    1.0000000000E+00
****
-Bi 0
S   6  1.00
    1.7519632102E+02    8.2080044187E-04
    1.9820147783E+01   -1.4952580695E-01
    1.4960110102E+01    3.8275640591E-01
    6.7065785570E+00   -7.0012369251E-01
    1.7391967520E+00    9.3008296285E-01
    9.4504730600E-01    3.9563990015E-01
S   2  1.00
    8.4636832910E+00   -6.7078591004E-02
    1.5317838540E+00    1.0396101936E+00
S   1  1.00
    2.3405391500E-01    1.0000000000E+00
S   1  1.00
    9.0268815000E-02    1.0000000000E+00
P   4  1.00
    1.0672046293E+01    2.2177639088E-01
    7.1992185920E+00   -5.8551564465E-01
    1.5359697530E+00    8.2088662800E-01
    7.2201275700E-01    3.5502229164E-01
P   1  1.00
    2.8508661860E+00    1.0000000000E+00
P   1  1.00
    2.3769418700E-01    1.0000000000E+00
P   1  1.00
    7.8768141000E-02    1.0000000000E+00
D   5  1.00
    1.5834273510E+01    8.7049063962E-03
    7.0956896090E+00   -6.7494298532E-02
    2.3363137010E+00    3.4494166263E-01
    1.1208861370E+00    5.0275788937E-01
    5.0309487400E-01    2.9775269349E-01
D   1  1.00
    2.0000000000E-01    1.0000000000E+00
****
-Po 0
S   6  1.00
    2.7813783916E+02    1.0144320415E-03
    1.9659291105E+01   -1.6277965591E-01
    1.5016229647E+01    4.2916374644E-01
    7.1149978720E+00   -7.4192831866E-01
    1.7879214120E+00    1.0091483533E+00
    9.4021655200E-01    3.2254708364E-01
S   2  1.00
    8.7584161750E+00   -7.1067132013E-02
    1.6503945870E+00    1.0428313812E+00
S   1  1.00
    2.6329582100E-01    1.0000000000E+00
S   1  1.00
    1.0190654300E-01    1.0000000000E+00
P   4  1.00
    1.0445945973E+01    4.6061455040E-01
    8.0293101890E+00   -8.7745436754E-01
    1.3588798020E+00    8.6074091093E-01
    6.6829182900E-01    2.8409079432E-01
P   1  1.00
    2.4460635390E+00    1.0000000000E+00
P   1  1.00
    2.7242942800E-01    1.0000000000E+00
P   1  1.00
    8.8796031000E-02    1.0000000000E+00
D   5  1.00
    1.8292670150E+01    7.2765892915E-03
    7.1695578540E+00   -6.6835578065E-02
    2.5029225180E+00    3.4714058213E-01
    1.2115945440E+00    5.1044647365E-01
    5.4713334200E-01    2.8589911034E-01
D   1  1.00
    2.1500000000E-01    1.0000000000E+00
****
-At 0
S   6  1.00
    3.0323376176E+02    7.2569804291E-04
    2.0289449240E+01   -1.5796313159E-01
    1.5383783126E+01    4.3804954235E-01
    7.4702184230E+00   -7.6378094850E-01
    1.8731608350E+00    1.0461332994E+00
    9.7426847500E-01    2.9207994760E-01
S   2  1.00
    8.9610112500E+00   -7.6311612507E-02
    1.7804284290E+00    1.0472289784E+00
S   1  1.00
    2.9269461100E-01    1.0000000000E+00
S   1  1.00
    1.1395353100E-01    1.0000000000E+00
P   4  1.00
    1.0722023134E+01    5.6524540704E-01
    8.4823338660E+00   -1.0057130155E+00
    1.3474291290E+00    9.0888229752E-01
    6.2824011500E-01    2.2966457699E-01
P   1  1.00
    2.4814896840E+00    1.0000000000E+00
P   1  1.00
    3.1036518500E-01    1.0000000000E+00
P   1  1.00
    1.0144862000E-01    1.0000000000E+00
D   5  1.00
    2.0799819604E+01    6.6335553815E-03
    7.1664616770E+00   -6.8931823300E-02
    2.6934397050E+00    3.4531556442E-01
    1.3175112420E+00    5.1763847738E-01
    5.9997066300E-01    2.7994183955E-01
D   1  1.00
    2.3500000000E-01    1.0000000000E+00
****
-Rn 0
S   5  1.00
    5.1877442468E+03    6.5978564371E-04
    7.6814491207E+02    4.3071109397E-03
    1.5935182065E+02    1.1220654363E-02
    2.1863432724E+01   -2.2562235295E+00
    1.8388689978E+01    3.2102392907E+00
S   2  1.00
    2.4816226448E+01   -8.0182803292E-02
    7.2923301680E+00    1.0601788375E+00
S   1  1.00
    2.0850437170E+00    1.0000000000E+00
S   1  1.00
    1.0915245950E+00    1.0000000000E+00
S   1  1.00
    3.4915708400E-01    1.0000000000E+00
S   1  1.00
    1.3648422900E-01    1.0000000000E+00
P   3  1.00
    1.9468918723E+02    9.4891256170E-04
    1.1210013525E+01    7.2082264355E-01
    7.5298316490E+00   -1.6616559490E+00
P   4  1.00
    9.0845000300E+00   -1.5959469071E-01
    6.2631489720E+00    2.7468307237E-01
    2.2545193730E+00    5.7377097529E-01
    1.1180666920E+00    3.5567209673E-01
P   1  1.00
    4.7444492600E-01    1.0000000000E+00
P   1  1.00
    2.0172354600E-01    1.0000000000E+00
P   1  1.00
    7.9503144000E-02    1.0000000000E+00
D   6  1.00
    7.5302723665E+01    8.0661685994E-04
    1.7965913830E+01    9.8090194933E-03
    7.3741298030E+00   -8.4006327623E-02
    3.2296258580E+00    2.5183161126E-01
    1.7937840510E+00    4.8218733623E-01
    9.4633319700E-01    3.8647547102E-01
D   1  1.00
    4.6860482200E-01    1.0000000000E+00
D   1  1.00
    2.0000000000E-01    1.0000000000E+00
F   1  1.00
    4.1806000000E-01    1.0000000000E+00
F   1  1.00
    2.1000000000E+00    1.0000000000E+00
****


