! Basis data obtained from ORCA. Converted via mkl2gjf.
! Basis name : vDZP
! Basis description : basis set used for wB97X-3c.
!
!------------------------------------------------
! status : published
! type : orbital (vDZP-ECP since B)
!------------------------------------------------
!
! Elements                             References
! --------                             ----------
! H-Rn                                 Please cite ORCA
-H 0
S   5  1.00
    8.1886780875E+01    3.6289292661E-03
    1.2231063861E+01    2.7941393032E-02
    2.7868151440E+00    1.3414742578E-01
    7.7578667700E-01    4.2445782939E-01
    2.2343369300E-01    5.4142159537E-01
S   3  1.00
    3.3109748400E-01    1.3842187198E-01
    1.0745535100E-01    2.7566500250E-01
    5.0680508000E-02    6.4884076059E-01
P   2  1.00
    1.4170436840E+00    3.7846374899E-01
    2.9078140700E-01    7.5857777307E-01
****
-He 0
S   5  1.00
    2.4830435927E+02    3.4402203638E-03
    3.9257359860E+01    2.4004116557E-02
    9.2902428730E+00    1.1182428983E-01
    2.6506789480E+00    3.3600218752E-01
    8.1159626800E-01    6.4011021603E-01
S   3  1.00
    2.6860716200E-01    6.1266325912E-01
    3.4502580600E-01    1.7073595169E-01
    1.0200712300E-01    2.5108931290E-01
P   2  1.00
    1.3100417130E+00    8.7251573213E-01
    2.6500872500E-01    2.2343876856E-01
****
-Li 0
S   5  1.00
    2.6150439740E+02    6.6281550852E-03
    3.9435060613E+01    4.8703628354E-02
    8.9030026290E+00    2.0807734020E-01
    2.3121285370E+00    4.9831289194E-01
    6.7356074100E-01    3.9645904888E-01
S   3  1.00
    6.3793791900E-01   -1.8354233360E-01
    6.3047216000E-02    1.0296072692E+00
    2.0134931000E-02    4.3574010908E-02
S   2  1.00
    2.9187684000E-02    5.0278972826E-01
    1.4762824000E-02    5.1833921923E-01
P   3  1.00
    1.6076858090E+00    8.1521745079E-02
    2.6131361400E-01    3.8927264690E-01
    7.8704442000E-02    6.7744656555E-01
D   2  1.00
    2.4857370400E-01    5.1712796579E-01
    8.8415849000E-02    5.8707531130E-01
****
-Be 0
S   5  1.00
    5.1003239807E+02    6.0612239914E-03
    7.6405556797E+01    4.5253659962E-02
    1.7255250509E+01    1.9723999301E-01
    4.5860100180E+00    4.9034690072E-01
    1.3564305120E+00    4.1335771261E-01
S   3  1.00
    1.6289233710E+00   -1.2833022171E-01
    1.5848497500E-01    9.0144684658E-01
    6.3902893000E-02    1.6319485177E-01
S   2  1.00
    5.6984899000E-02    3.8649462736E-01
    2.9154654000E-02    6.3272673176E-01
P   3  1.00
    2.6588941350E+00    8.0280597073E-02
    4.4937980100E-01    4.5977848742E-01
    1.1306688000E-01    6.3632641367E-01
D   2  1.00
    4.5808208000E-01    5.4733366750E-01
    1.1829102300E-01    6.1690206512E-01
****
-B 0
S   4  1.00
    1.5486107510E+00   -6.1428699316E-01
    1.2308725270E+00    4.8491844274E-01
    2.8893616100E-01    6.5490792630E-01
    1.0594553500E-01    4.1285792196E-01
S   2  1.00
    1.4943026600E-01    4.9585188889E-01
    4.6078379000E-02    5.6326663507E-01
P   4  1.00
    6.8246256420E+00    3.2654927915E-02
    1.7868414680E+00    1.7178529731E-01
    5.2944568600E-01    5.1773324547E-01
    1.7128870300E-01    4.5760671762E-01
P   2  1.00
    1.3785513000E-01    4.3232353902E-01
    4.5638927000E-02    6.5000378236E-01
D   2  1.00
    6.8595292800E-01    5.2433360093E-01
    2.1717741000E-01    6.0100873594E-01
****
-C 0
S   4  1.00
    2.1749877900E+00   -1.0510171317E+00
    1.8522269470E+00    9.1432207971E-01
    4.5909848800E-01    7.2765448512E-01
    1.6912898600E-01    3.3234928172E-01
S   2  1.00
    2.2745502300E-01    5.1297616032E-01
    8.6918591000E-02    5.2788489981E-01
P   4  1.00
    1.2870085334E+01    2.5641444021E-02
    3.2954435830E+00    1.5772828821E-01
    9.7664571800E-01    4.6499547802E-01
    3.4842519700E-01    5.1275444262E-01
P   2  1.00
    1.4648948100E-01    6.9375015649E-01
    6.3733914000E-02    3.5150957044E-01
D   2  1.00
    1.0253179250E+00    5.7919469094E-01
    2.5024906500E-01    5.9662618914E-01
****
-N 0
S   4  1.00
    2.7353785830E+00   -8.2542004863E-01
    2.2198005990E+00    7.7510772980E-01
    5.9270867100E-01    6.7012945378E-01
    2.2740700000E-01    3.3805056225E-01
S   2  1.00
    2.8043545700E-01    4.4793352378E-01
    1.0537339400E-01    5.9341705020E-01
P   4  1.00
    1.9104528476E+01    2.5084788852E-02
    4.8310138460E+00    1.5507034038E-01
    1.4549695060E+00    4.3722168208E-01
    4.9477904600E-01    5.4956841301E-01
P   2  1.00
    1.7853032600E-01    7.7996615993E-01
    6.8618652000E-02    2.6940882567E-01
D   2  1.00
    1.2308129550E+00    5.8623700233E-01
    3.7085196900E-01    5.4896249661E-01
****
-O 0
S   4  1.00
    3.5436418210E+00   -6.5263826488E-01
    2.7127174750E+00    6.5789924962E-01
    6.8318452500E-01    6.9110255839E-01
    2.5597673900E-01    2.7949587703E-01
S   2  1.00
    2.8650002500E-01    4.8489440841E-01
    1.2301201900E-01    5.4697968824E-01
P   4  1.00
    2.7003841820E+01    2.4938174111E-02
    6.7626549660E+00    1.4902879449E-01
    2.0117045990E+00    4.2012381628E-01
    6.3442834900E-01    5.8258958394E-01
P   2  1.00
    1.9906766000E-01    8.6732709221E-01
    6.5643622000E-02    1.7928744217E-01
D   2  1.00
    1.3661093400E+00    5.6093175090E-01
    4.6193164100E-01    5.5291960426E-01
****
-F 0
S   4  1.00
    7.0348611510E+00   -3.3425574093E-01
    4.8729322960E+00    1.8068942836E-01
    1.3308783230E+00    4.9952792142E-01
    5.2546972300E-01    5.8594865760E-01
S   2  1.00
    8.2126604800E-01    1.2398027176E-01
    1.9834118500E-01    9.0878884023E-01
P   4  1.00
    3.5526100040E+01    3.0129956622E-02
    9.0935705430E+00    1.5009414191E-01
    2.6854132260E+00    4.2279778893E-01
    8.3367839500E-01    5.8048492355E-01
P   2  1.00
    2.6227977100E-01    8.6513854551E-01
    8.2396241000E-02    1.8642951045E-01
D   2  1.00
    1.4549124510E+00    5.4647671453E-01
    4.4649829200E-01    5.8523899818E-01
****
-Ne 0
S   4  1.00
    8.5110251420E+00   -4.3019654726E-01
    6.9447096520E+00    3.0106671496E-01
    1.5610416510E+00    5.6730358007E-01
    5.9949663300E-01    5.1412771881E-01
S   2  1.00
    6.0951103500E-01    1.7391359879E-01
    2.4568303400E-01    8.4635173844E-01
P   4  1.00
    5.6111190785E+01    2.0640525008E-02
    1.4542058717E+01    1.3300232216E-01
    4.4689928370E+00    3.8977892833E-01
    1.5047863720E+00    6.1283266842E-01
P   2  1.00
    4.9880834700E-01    8.1530293389E-01
    1.5628325200E-01    2.4956494887E-01
D   2  1.00
    1.6788770500E+00    3.1636039520E-01
    4.1606029000E-01    8.1589104899E-01
****
-Na 0
S   4  1.00
    1.7859469980E+01   -1.1749365948E-01
    1.7415894920E+00    5.6409246955E-01
    6.7121666200E-01    4.0486187558E-01
    3.5674868000E-01    1.2381774000E-01
S   3  1.00
    1.0405322390E+00    4.8529345786E-01
    3.6358648100E-01    4.1752078904E-01
    3.0788670000E-02    3.1166552582E-01
S   2  1.00
    6.3388595000E-02    3.5714410730E-01
    2.7886590000E-02    6.7018965337E-01
P   5  1.00
    9.4408900908E+01    1.1633228872E-02
    2.2833035344E+01    7.3652678412E-02
    7.3923085900E+00    2.3827226721E-01
    2.7004815240E+00    4.2383516902E-01
    9.8004147000E-01    4.5186986935E-01
P   3  1.00
    2.6672915280E+00   -1.1034712320E-02
    3.3696084300E-01    9.9419892042E-01
    5.5297986000E-02    2.2293544563E-02
D   2  1.00
    3.1773628100E-01    1.8620903400E-01
    5.0399449000E-02    9.3362069944E-01
****
-Mg 0
S   4  1.00
    2.1746078001E+01   -1.0680682219E-01
    2.0546939640E+00    5.9995306550E-01
    7.7537820200E-01    3.5524120206E-01
    6.4675505300E-01    1.2341021665E-01
S   3  1.00
    1.5180358740E+00    4.5424150096E-01
    6.2664847200E-01    4.2171096432E-01
    6.1342469000E-02    3.1600256301E-01
S   2  1.00
    1.1452578200E-01    4.8104540169E-01
    4.9143799000E-02    5.5083928880E-01
P   5  1.00
    9.8149921578E+01    1.4551881035E-02
    2.2986901775E+01    9.4912329951E-02
    7.0737044130E+00    3.0243998962E-01
    2.3574633600E+00    4.8283759746E-01
    7.7673708200E-01    3.3487563460E-01
P   3  1.00
    3.7713018110E+00   -1.4366528748E-02
    1.8916687500E-01    6.0873530513E-01
    6.8419879000E-02    4.6522654543E-01
D   2  1.00
    4.0180662500E-01    4.0905762796E-01
    1.0244113400E-01    7.4112195751E-01
****
-Al 0
S   4  1.00
    3.3070579510E+00    4.6493611991E-02
    1.0649906670E+00   -3.9051759995E-01
    2.1709496800E-01    5.2858153055E-01
    1.0339905100E-01    6.5417148650E-01
S   2  1.00
    9.1326549000E-02    3.9750320775E-01
    4.0384685000E-02    6.3078976303E-01
P   4  1.00
    9.6697922000E-01   -1.3078534185E-01
    4.1860269800E-01    2.5997053617E-01
    1.7901646200E-01    5.0944403490E-01
    9.2774532000E-02    3.7740767878E-01
P   2  1.00
    1.0127527800E-01    4.3853054748E-01
    3.2903692000E-02    6.4667277411E-01
D   2  1.00
    6.5352050600E-01    3.6386786057E-01
    1.7796413100E-01    7.6714178011E-01
****
-Si 0
S   4  1.00
    4.2060617640E+00    4.8726667913E-02
    1.3790297540E+00   -3.7663727567E-01
    2.6574019400E-01    6.9486244300E-01
    1.1250269700E-01    4.9445352458E-01
S   2  1.00
    1.3367361700E-01    2.0660327063E-01
    4.8297859000E-02    8.2187637842E-01
P   4  1.00
    1.3675054590E+00   -6.6792422642E-02
    3.9131494300E-01    4.2538703780E-01
    1.5822893100E-01    5.4874125321E-01
    6.8937667000E-02    1.4855097699E-01
P   2  1.00
    1.1781744800E-01    4.2243812121E-01
    4.1067656000E-02    6.5266065339E-01
D   2  1.00
    1.2298032860E+00    2.3784280496E-01
    3.0406284600E-01    8.6959579896E-01
****
-P 0
S   4  1.00
    7.4926909130E+00    3.4152328809E-02
    1.5209796930E+00   -3.8701471921E-01
    3.8998646900E-01    5.5685996228E-01
    1.8594424700E-01    6.6022381348E-01
S   2  1.00
    4.2627743100E-01    9.4904790497E-02
    7.5641155000E-02    9.3970131234E-01
P   4  1.00
    1.1824498020E+00   -1.1751621544E-01
    7.1681512200E-01    2.9882186893E-01
    2.8435600300E-01    5.7701727246E-01
    1.1984466300E-01    3.0938871876E-01
P   2  1.00
    1.0417473700E-01    5.4968658687E-01
    4.2996541000E-02    5.0757744291E-01
D   2  1.00
    1.6951629600E+00    2.1296100982E-01
    3.5182252900E-01    9.0081949743E-01
****
-S 0
S   4  1.00
    7.6013552690E+00    4.0594550583E-02
    1.9271212190E+00   -4.0592379783E-01
    5.2145630800E-01    5.0335217749E-01
    2.3053224100E-01    7.2246891543E-01
S   2  1.00
    4.7000534800E-01    1.2293917868E-01
    8.3469210000E-02    9.2076145447E-01
P   4  1.00
    1.7116392580E+00   -1.7214884888E-01
    1.1572761600E+00    2.5650765602E-01
    4.4972707800E-01    5.1411683470E-01
    1.9529072900E-01    4.4989335223E-01
P   2  1.00
    1.2104241100E-01    4.7526371069E-01
    6.1043915000E-02    5.5972336668E-01
D   2  1.00
    1.7777511180E+00    2.4076784105E-01
    4.0446707000E-01    8.7605499953E-01
****
-Cl 0
S   4  1.00
    1.4151131413E+01    2.0867881657E-02
    2.0576977440E+00   -4.4937318628E-01
    8.2572087500E-01    4.4337825013E-01
    3.0244290200E-01    8.5469812120E-01
S   2  1.00
    5.1488845300E-01    1.6038410378E-01
    9.8706323000E-02    8.9118645914E-01
P   4  1.00
    2.8441742710E+00   -8.6668044788E-02
    1.3775156290E+00    1.4263688826E-01
    6.1912393300E-01    4.6483702524E-01
    2.6192209600E-01    5.2284400592E-01
P   2  1.00
    1.2642178900E-01    5.9961044056E-01
    7.3988046000E-02    4.2160681968E-01
D   2  1.00
    1.9222108150E+00    2.6260723714E-01
    4.2831873700E-01    8.6454016192E-01
****
-Ar 0
S   4  1.00
    1.4940101122E+01    1.7285717177E-02
    2.2431656360E+00   -8.3859403947E-01
    1.4389709270E+00    7.1013368969E-01
    4.0687648600E-01    9.4710017907E-01
S   2  1.00
    4.4025965300E-01    4.1684261238E-02
    1.6187587300E-01    9.6493169099E-01
P   4  1.00
    3.1654845110E+00   -6.0897455029E-02
    1.1111117200E+00    3.7138427959E-01
    4.1464943800E-01    5.9198293205E-01
    1.6261649400E-01    1.7592660569E-01
P   2  1.00
    1.5434779600E-01    7.4255774343E-01
    7.1270892000E-02    2.9303994857E-01
D   2  1.00
    1.4678130380E+00    3.5575640367E-01
    3.9939640300E-01    7.7361403267E-01
****
-K 0
S   4  1.00
    2.7126821320E+00   -6.2081424781E-01
    9.5952715900E-01    8.2544700829E-01
    4.1586139600E-01    2.4498138178E-01
    2.2242831800E-01    3.5954717204E-01
S   3  1.00
    7.4583010900E-01   -1.1711111169E-02
    4.4773652200E-01    4.3436276593E-01
    2.7242967000E-02    7.8092093586E-01
S   2  1.00
    3.2660681000E-02    4.0268039777E-01
    2.4351810000E-02    6.0117878532E-01
P   4  1.00
    1.0065499145E+01   -2.9246665523E-02
    9.7401948100E-01    5.1237168701E-01
    3.7459637200E-01    4.6541920897E-01
    1.5692152100E-01    1.3108497535E-01
P   3  1.00
    4.0420120880E+00   -9.2696211616E-03
    8.7259093000E-02    1.0216058436E-01
    5.4714258000E-02    9.0405693227E-01
D   2  1.00
    8.6663859300E-01    3.8475487845E-01
    1.5708599800E-01    8.0874216127E-01
****
-Ca 0
S   4  1.00
    2.7193013510E+00   -7.6278800787E-02
    1.8832756510E+00    1.8071940447E-01
    6.4216390400E-01    5.6942420286E-01
    3.3648786700E-01    3.5812848530E-01
S   3  1.00
    3.0263243200E+00   -1.7913469514E+00
    1.2422832260E+00    1.2729261973E+00
    5.3488348000E-02    2.7489589549E-01
S   2  1.00
    5.8373368000E-02    7.2914622249E-01
    2.9921642000E-02    2.8725189234E-01
P   4  1.00
    1.0411513040E+01   -3.7114045258E-02
    1.1812018530E+00    5.2499236321E-01
    4.7280654500E-01    4.5922373295E-01
    2.0636367100E-01    1.1666914236E-01
P   3  1.00
    1.1039635250E+00   -1.5786158856E-02
    9.2210626000E-02    9.9204740299E-01
    7.6550590000E-03    4.8293287415E-02
D   2  1.00
    1.4665723500E+00    3.6939014294E-01
    2.6154728900E-01    8.2121714743E-01
****
-Sc 0
S   5  1.00
    1.2894521140E+01    1.1469533390E-01
    5.0716862740E+00   -6.6306754711E-01
    1.1671819000E+00    4.8695671058E-01
    6.6394201300E-01    4.8163498877E-01
    3.0965458000E-01    3.0608330100E-01
S   2  1.00
    1.0408857680E+00    5.2468407393E-01
    5.6809700200E-01    4.9208235055E-01
S   2  1.00
    7.0617693000E-02    7.2205287045E-01
    2.7248406000E-02    3.1139168453E-01
P   4  1.00
    6.3685784960E+00   -8.8371860112E-02
    1.9490040970E+00    3.2236420537E-01
    8.1530169500E-01    5.6792879841E-01
    3.1381596000E-01    2.5469175252E-01
P   2  1.00
    3.7710431000E-02    4.2448209140E-01
    2.6841705000E-02    5.8423657866E-01
D   4  1.00
    1.1687225911E+01    5.6420875266E-02
    3.3147583800E+00    2.3448896202E-01
    1.0463367380E+00    4.6009253519E-01
    3.1396807300E-01    5.3166595422E-01
D   2  1.00
    9.6369535000E-02    6.1600513057E-01
    3.1054057000E-02    5.0532252995E-01
****
-Ti 0
S   5  1.00
    1.6461347887E+01    9.7468459732E-02
    5.3713868160E+00   -7.7302877059E-01
    1.4489857570E+00    6.4019704038E-01
    6.3891955900E-01    5.3530251581E-01
    2.4161915100E-01    1.8419656502E-01
S   2  1.00
    1.0517364420E+00    5.7154413559E-01
    5.8992828800E-01    4.4354128497E-01
S   2  1.00
    7.5250746000E-02    8.2949425360E-01
    2.6602025000E-02    1.9926893461E-01
P   4  1.00
    7.1224296560E+00   -9.5513878655E-02
    2.3831538370E+00    2.8995681499E-01
    1.0288785480E+00    5.5792953831E-01
    4.1606996100E-01    2.9643034413E-01
P   2  1.00
    1.7944072000E-01    7.1562696020E-01
    7.6704284000E-02    3.2980572040E-01
D   4  1.00
    1.6285523097E+01    4.7142729055E-02
    4.9031864300E+00    2.0696411100E-01
    1.6442890150E+00    4.4585298915E-01
    5.2528154800E-01    5.5100527813E-01
D   2  1.00
    1.7009663900E-01    7.0710316097E-01
    6.4103525000E-02    3.7751656861E-01
****
-V 0
S   5  1.00
    1.6255319265E+01    1.8236279305E-01
    6.4050631280E+00   -1.0418960614E+00
    1.4571636250E+00    1.0090632666E+00
    4.9992642500E-01    2.3763394114E-01
    3.0118541700E-01    1.4107572686E-01
S   2  1.00
    1.0126054160E+00    6.5415822274E-01
    5.4788695300E-01    3.6163339877E-01
S   2  1.00
    9.0933679000E-02    6.4845124555E-01
    3.6744293000E-02    3.8557275318E-01
P   4  1.00
    8.1030985720E+00   -9.4200358088E-02
    2.6298365590E+00    3.0962158470E-01
    1.1122023900E+00    5.6355149518E-01
    4.2981251100E-01    2.7600802695E-01
P   2  1.00
    1.3417034400E-01    5.0166780853E-01
    4.5541732000E-02    5.8062548322E-01
D   4  1.00
    2.0991852148E+01    4.3718692069E-02
    6.4829737950E+00    1.9886363911E-01
    2.2596079780E+00    4.4047127737E-01
    7.8738846100E-01    5.4351686674E-01
D   2  1.00
    2.6629963500E-01    7.5009376970E-01
    8.5848775000E-02    3.5425673665E-01
****
-Cr 0
S   5  1.00
    1.9326807873E+01    1.4942830496E-01
    6.8953520800E+00   -1.0182600381E+00
    1.8696402670E+00    7.2660004265E-01
    8.4380644500E-01    5.7384449655E-01
    3.1158687800E-01    9.1063726865E-02
S   2  1.00
    1.2261441670E+00    6.5438019327E-01
    5.3678436200E-01    3.7385005281E-01
S   2  1.00
    1.0368745500E-01    5.8304221919E-01
    4.0453944000E-02    4.5555537745E-01
P   4  1.00
    9.2749733050E+00   -9.0571397840E-02
    2.8348032170E+00    3.3279960595E-01
    1.1886719050E+00    5.6023362933E-01
    4.5267245200E-01    2.5532486582E-01
P   2  1.00
    9.9943442000E-02    4.6990186060E-01
    2.0690650000E-02    6.8076516316E-01
D   4  1.00
    2.5343518443E+01    3.9916239880E-02
    7.8371946740E+00    1.9178861709E-01
    2.7037309910E+00    4.4255315274E-01
    9.2332933200E-01    5.5187405824E-01
D   2  1.00
    3.0172903700E-01    7.2610352099E-01
    9.5659118000E-02    3.8585059643E-01
****
-Mn 0
S   5  1.00
    2.0843228080E+01    9.9792400542E-02
    7.7604194190E+00   -6.3323446569E-01
    1.9045164130E+00    6.4255446654E-01
    1.0013204340E+00    3.8267906455E-01
    4.8193747300E-01    2.8182902797E-01
S   2  1.00
    1.2682684200E+00    5.6976906381E-01
    8.5724121400E-01    4.3722649889E-01
S   2  1.00
    1.0914002900E-01    5.3558371811E-01
    4.5318992000E-02    4.9882054830E-01
P   4  1.00
    1.0512436868E+01   -8.9029267640E-02
    3.0990731360E+00    3.4237458054E-01
    1.3229488320E+00    5.4502248629E-01
    5.2705531000E-01    2.5527472280E-01
P   2  1.00
    3.4450706000E-01    3.5639512808E-01
    1.1836136100E-01    7.1465926731E-01
D   4  1.00
    3.1818227457E+01    3.5141378616E-02
    1.0037421667E+01    1.7803743627E-01
    3.5345164180E+00    4.3290366682E-01
    1.2497617730E+00    5.6428552425E-01
D   2  1.00
    4.1966381200E-01    7.1322672760E-01
    1.3148965800E-01    4.0309822489E-01
****
-Fe 0
S   5  1.00
    2.2358655151E+01    7.9156416123E-02
    8.7267222560E+00   -4.6296034944E-01
    1.8835113460E+00    6.7163637117E-01
    8.9809883000E-01    4.3137557352E-01
    4.9914149500E-01    1.2909938877E-01
S   2  1.00
    1.4146727330E+00    6.0612598698E-01
    8.3896996200E-01    4.0594469259E-01
S   2  1.00
    1.2696719000E-01    5.5830677347E-01
    4.8297687000E-02    4.8269776719E-01
P   4  1.00
    1.1737335797E+01   -8.9853008557E-02
    3.4917405580E+00    3.2999425127E-01
    1.5196703140E+00    5.4032195498E-01
    6.1223024500E-01    2.7091492129E-01
P   2  1.00
    2.7074051300E-01    5.9860804391E-01
    1.1095652100E-01    4.5850218466E-01
D   4  1.00
    3.7602436514E+01    3.3340913109E-02
    1.1980469021E+01    1.7258917096E-01
    4.3158628480E+00    4.2437019544E-01
    1.5838176620E+00    5.6862013300E-01
D   2  1.00
    5.4835725600E-01    7.3046976210E-01
    1.7147736100E-01    3.8319859101E-01
****
-Co 0
S   5  1.00
    2.5335315695E+01    7.6373476521E-02
    9.4883550550E+00   -4.7920501173E-01
    2.1057708660E+00    6.3628735314E-01
    1.1527415630E+00    3.7904532768E-01
    6.0013465200E-01    2.2709442725E-01
S   2  1.00
    1.7285930480E+00    4.4739612917E-01
    9.6513540900E-01    5.6795352040E-01
S   2  1.00
    1.3821753800E-01    4.8750002880E-01
    4.8799620000E-02    5.5964935921E-01
P   4  1.00
    1.3019846826E+01   -9.0603034214E-02
    3.8985691280E+00    3.2210414143E-01
    1.6919120420E+00    5.4866593734E-01
    6.6319432700E-01    2.7267253387E-01
P   2  1.00
    2.6623373600E-01    4.9794185719E-01
    8.7682602000E-02    5.8836433752E-01
D   4  1.00
    4.6467186502E+01    2.8018134854E-02
    1.4844727963E+01    1.5740713271E-01
    5.3247819100E+00    4.1636786683E-01
    1.9461930200E+00    5.8898809792E-01
D   2  1.00
    6.6369776700E-01    7.2239815108E-01
    1.9753870300E-01    4.0194305801E-01
****
-Ni 0
S   5  1.00
    2.8117307329E+01    7.5157834266E-02
    1.0323114146E+01   -4.8971199076E-01
    2.2665013350E+00    7.1402403928E-01
    1.0316983380E+00    4.5280096007E-01
    4.2976311600E-01    8.5343353584E-02
S   2  1.00
    1.5850961160E+00    5.4192567171E-01
    9.2768842600E-01    4.7121273595E-01
S   2  1.00
    1.4272398200E-01    5.7686588068E-01
    5.2288562000E-02    4.6690613791E-01
P   4  1.00
    1.4649263427E+01   -1.0329818187E-01
    4.4872485550E+00    3.1184452296E-01
    1.9265222020E+00    5.5724895841E-01
    7.5557118200E-01    2.7950082635E-01
P   2  1.00
    3.2092333800E-01    5.4368217548E-01
    1.2459743900E-01    5.2123977562E-01
D   4  1.00
    5.5795596873E+01    2.2636227029E-02
    1.7671713443E+01    1.4604161701E-01
    6.4588843710E+00    4.0786791962E-01
    2.3754495800E+00    6.0353810571E-01
D   2  1.00
    8.0859790700E-01    7.1607619887E-01
    2.3925620900E-01    4.1050846554E-01
****
-Cu 0
S   5  1.00
    3.0095654465E+01    8.2166861496E-02
    1.1189465415E+01   -5.2862281996E-01
    2.5414521180E+00    6.4401227461E-01
    1.2905107640E+00    4.9111461858E-01
    6.0896181600E-01    1.2330749351E-01
S   2  1.00
    2.0184304790E+00    5.1249981134E-01
    8.4913897500E-01    5.2098089660E-01
S   2  1.00
    1.5560925100E-01    5.6194616972E-01
    5.5100264000E-02    4.8492424253E-01
P   4  1.00
    1.6197916897E+01   -8.8857232307E-02
    4.4879083130E+00    3.5679938786E-01
    1.9283660780E+00    5.3897820213E-01
    7.6394323700E-01    2.4516799184E-01
P   2  1.00
    2.9984022800E-01    5.8428227684E-01
    1.1677340300E-01    4.7959186812E-01
D   4  1.00
    6.0487297939E+01    2.5237940811E-02
    1.9233046406E+01    1.4734321046E-01
    6.9650906900E+00    4.0929692636E-01
    2.5689033720E+00    6.0081999028E-01
D   2  1.00
    8.7580962800E-01    7.1216955404E-01
    2.5769050900E-01    4.1615945786E-01
****
-Zn 0
S   5  1.00
    3.3874473714E+01    8.8621588708E-02
    1.1972622956E+01   -6.3006825542E-01
    2.9617143960E+00    6.1343283658E-01
    1.8299819130E+00    3.8209035712E-01
    8.7055473600E-01    3.0972390663E-01
S   2  1.00
    1.7392038610E+00    7.9252253333E-01
    7.8495810700E-01    2.2693266469E-01
S   2  1.00
    1.7377748300E-01    5.7427917049E-01
    5.8936158000E-02    4.7608927285E-01
P   4  1.00
    1.8428852737E+01   -8.3752076889E-02
    4.7578285160E+00    3.6878609798E-01
    2.0515049110E+00    5.3502632673E-01
    8.1129009000E-01    2.3252581486E-01
P   2  1.00
    2.8032952700E-01    5.1396970935E-01
    7.4967629000E-02    6.0264637985E-01
D   4  1.00
    6.9345783920E+01    2.4940436975E-02
    2.2344643463E+01    1.4487819690E-01
    8.2300737470E+00    4.0089855591E-01
    3.1296076380E+00    6.0431779598E-01
D   2  1.00
    1.1154453440E+00    7.1590404419E-01
    3.5043843400E-01    3.9947819116E-01
****
-Ga 0
S   4  1.00
    3.4618511000E+00    1.5576877700E-01
    1.6733742720E+00   -4.8672864486E-01
    2.1131836800E-01    6.3284765163E-01
    9.7828153000E-02    5.1340341763E-01
S   2  1.00
    1.5162701100E-01    2.7773173169E-01
    5.5604376000E-02    7.5651551714E-01
P   4  1.00
    1.2240721970E+00   -2.2858498128E-01
    5.7034068700E-01    2.5101514312E-01
    1.7634218200E-01    6.6524784021E-01
    6.9338127000E-02    3.0064230088E-01
P   2  1.00
    1.0320214900E-01    4.4322025119E-01
    3.2521362000E-02    6.4633668690E-01
D   2  1.00
    4.3413675900E-01    2.9203125363E-01
    1.3643695100E-01    8.0349554501E-01
****
-Ge 0
S   4  1.00
    3.2174961020E+00    2.4825232528E-01
    1.9181665730E+00   -5.7489318735E-01
    2.1490386400E-01    9.3435451872E-01
    6.7589930000E-02    2.3034540389E-01
S   2  1.00
    4.6569625900E-01    1.4222957756E-01
    6.0174025000E-02    9.2021502601E-01
P   4  1.00
    3.9141795570E+00    7.4556305975E-02
    2.3464686310E+00   -2.0453923390E-01
    2.7386111200E-01    7.5389972301E-01
    1.0599007100E-01    3.3371810592E-01
P   2  1.00
    2.0213506500E-01    1.0325381575E-01
    6.1214687000E-02    9.2922993209E-01
D   2  1.00
    3.7000963300E-01    5.5424063327E-01
    1.3297620100E-01    5.4860230012E-01
****
-As 0
S   4  1.00
    3.5076936430E+00    1.7748860323E-01
    1.8883830260E+00   -5.5123339254E-01
    2.8811124000E-01    8.1936135725E-01
    1.4318008800E-01    3.6689335822E-01
S   2  1.00
    3.5243851400E-01    1.4349124545E-01
    7.3126498000E-02    9.0007395834E-01
P   4  1.00
    1.3582554090E+00   -3.7333777019E-01
    9.3464770300E-01    3.4859017327E-01
    2.9265443800E-01    6.1013124986E-01
    1.2292731900E-01    3.9470784386E-01
P   2  1.00
    1.1876753700E-01    4.5619719581E-01
    4.7605104000E-02    6.0346992301E-01
D   2  1.00
    3.1448793900E-01    4.5218566610E-01
    2.1849396500E-01    5.6196361759E-01
****
-Se 0
S   4  1.00
    3.6508657310E+00    2.6528758199E-01
    2.2109036090E+00   -6.4590073508E-01
    3.3517092800E-01    8.3653971428E-01
    1.5163883700E-01    3.6179404689E-01
S   2  1.00
    5.9963882200E-01    1.1078158909E-01
    7.5582134000E-02    9.3991948632E-01
P   4  1.00
    1.5071482570E+00   -2.4549516361E-01
    9.1336741500E-01    2.7704083782E-01
    3.4122197900E-01    5.6198600051E-01
    1.5043258700E-01    4.1059282747E-01
P   2  1.00
    1.5708285500E-01    2.6102421393E-01
    6.1272427000E-02    7.8599468810E-01
D   2  1.00
    3.6759750300E-01    5.5732568410E-01
    2.2301318700E-01    4.6912564888E-01
****
-Br 0
S   4  1.00
    4.2140146350E+00    1.8438913526E-01
    2.4121886990E+00   -5.3068921942E-01
    3.9106702700E-01    7.9045160215E-01
    1.6467425300E-01    4.0295252848E-01
S   2  1.00
    4.8559966500E-01    1.6989829791E-01
    7.4598995000E-02    8.9488049968E-01
P   4  1.00
    1.7899472530E+00   -3.3354157223E-01
    1.2920361870E+00    2.9936195111E-01
    4.4938325200E-01    5.3487840208E-01
    1.9459016700E-01    4.8863995845E-01
P   2  1.00
    1.2275976000E-01    3.8858911459E-01
    6.6738626000E-02    6.3783633125E-01
D   2  1.00
    4.4243814700E-01    5.5080812537E-01
    2.4584901900E-01    4.8553554655E-01
****
-Kr 0
S   4  1.00
    3.9865114410E+00    4.1439784244E-01
    2.9439017450E+00   -7.3607973921E-01
    4.2990186700E-01    8.0576487249E-01
    1.5182183900E-01    3.8842914375E-01
S   2  1.00
    3.3471181300E-01    1.8223065107E-01
    1.1174516900E-01    8.4722554033E-01
P   4  1.00
    2.1539576860E+00   -2.4625807214E-01
    1.2837486850E+00    2.3819041365E-01
    5.0168556200E-01    5.5260298288E-01
    2.3752026800E-01    4.3652137194E-01
P   2  1.00
    1.4011316100E-01    5.3435805640E-01
    8.9204909000E-02    4.8126365790E-01
D   2  1.00
    5.2630128500E-01    5.9521316363E-01
    2.0310026700E-01    4.9429841066E-01
****
-Rb 0
S   4  1.00
    3.8699996000E+00    1.9736235156E-01
    2.1309046360E+00   -1.0759530618E+00
    7.3800202700E-01    6.7451598632E-01
    4.0952874300E-01    8.3275935457E-01
S   3  1.00
    1.3505807270E+00    4.0748555879E-01
    6.7212346100E-01   -1.6640349985E-01
    2.1502604000E-01    8.6902581998E-01
S   2  1.00
    4.1727574000E-02    4.6093596825E-01
    1.8173085000E-02    5.6967756568E-01
P   4  1.00
    2.7674104170E+00   -1.0116415222E-01
    6.9027927200E-01    5.2399659592E-01
    2.7213468700E-01    5.1045752706E-01
    9.9861314000E-02    1.0546137876E-01
P   3  1.00
    4.8386842600E-01   -5.2575817017E-02
    6.4990339000E-02    4.6000135676E-01
    2.6344167000E-02    6.0977870275E-01
D   2  1.00
    4.8295290900E-01    4.8185872785E-01
    1.1859968000E-01    6.8606506557E-01
****
-Sr 0
S   4  1.00
    1.6927066370E+00   -7.6696730378E-01
    1.1497957860E+00    4.0636921196E-01
    6.6913147800E-01    8.0054166999E-01
    2.4822007700E-01    4.3593152120E-01
S   3  1.00
    1.8862665110E+00    8.4831974647E-01
    4.0016439000E-01   -1.6250632066E-01
    8.7928617000E-02    5.5544213761E-01
S   2  1.00
    5.9443197000E-02    5.0340034192E-01
    2.8584686000E-02    5.2086311919E-01
P   4  1.00
    2.8066476990E+00   -1.1794407372E-01
    8.1937652500E-01    5.2493649435E-01
    3.4815826800E-01    5.0563013290E-01
    1.4600364700E-01    1.0901044472E-01
P   3  1.00
    9.3515049800E-01   -1.0602994844E-02
    8.7786357000E-02    7.8197788550E-01
    4.5420993000E-02    2.4365889323E-01
D   2  1.00
    6.8840635300E-01    4.4638796146E-01
    1.9270464700E-01    6.9441306119E-01
****
-Y 0
S   5  1.00
    7.2965498920E+00    2.5359060316E-01
    2.6884221860E+00   -2.3865380345E+00
    2.1776425720E+00    1.3292820052E+00
    6.5909068400E-01    8.7966925374E-01
    3.1800031300E-01    3.7232488734E-01
S   2  1.00
    6.7481295800E-01    6.8601268966E-01
    2.9035336300E-01    3.4211543589E-01
S   2  1.00
    6.1667824000E-02    7.9049145973E-01
    2.5673512000E-02    2.3325036015E-01
P   4  1.00
    2.4130739060E+00   -7.8382135304E-01
    1.9911183350E+00    8.0551810528E-01
    6.4488502900E-01    6.5361441638E-01
    2.6215814900E-01    3.1398654532E-01
P   2  1.00
    9.0251834000E-02    6.1516609488E-01
    3.8734541000E-02    4.3588685451E-01
D   4  1.00
    2.6406670820E+00   -3.7449325013E-02
    1.3772316930E+00    1.8916967816E-01
    5.2117030400E-01    4.7178863776E-01
    1.9131794600E-01    5.2649583888E-01
D   2  1.00
    6.6561172000E-02    8.1660870127E-01
    2.1058714000E-02    2.7392491997E-01
****
-Zr 0
S   5  1.00
    7.6367554590E+00    3.5708123083E-01
    3.0594606050E+00   -3.2001525415E+00
    2.7342894700E+00    1.6524721132E+00
    9.7403053000E-01    1.0280293775E+00
    3.2123776800E-01    4.3050021610E-01
S   2  1.00
    6.6611831300E-01    6.9428739533E-01
    3.8200493000E-01    3.1791733665E-01
S   2  1.00
    7.8638985000E-02    7.4878045777E-01
    3.0977708000E-02    2.8140886249E-01
P   4  1.00
    2.6353045370E+00   -7.9964842134E-01
    2.1397016730E+00    8.3808703453E-01
    7.0127026200E-01    6.6744594928E-01
    2.9411757600E-01    2.7481053478E-01
P   2  1.00
    1.5396346100E-01    6.0441813069E-01
    8.8262101000E-02    4.1835896438E-01
D   4  1.00
    3.2010475780E+00   -2.9267409783E-02
    1.4850487280E+00    2.0746428673E-01
    5.5957425400E-01    4.8645684858E-01
    1.9661886900E-01    5.0158221369E-01
D   2  1.00
    6.2451815000E-02    8.3199942943E-01
    2.0325929000E-02    2.4937644595E-01
****
-Nb 0
S   5  1.00
    8.2269076720E+00    3.2752691829E-01
    5.2588539380E+00    7.5485136933E-01
    4.0249090030E+00   -2.4346451191E+00
    1.1951299630E+00    8.9344003782E-01
    3.5966573500E-01    5.1411237265E-01
S   2  1.00
    7.8097211200E-01    6.7004650650E-01
    4.6814979000E-01    3.4072066526E-01
S   2  1.00
    8.4330300000E-02    7.0286535105E-01
    3.4918667000E-02    3.2696803966E-01
P   4  1.00
    2.8713515900E+00   -7.8174562853E-01
    2.2809355970E+00    8.4201905897E-01
    7.4355149100E-01    6.8060038987E-01
    2.9806925000E-01    2.4131972807E-01
P   2  1.00
    1.5259560600E-01    6.0807767478E-01
    6.8327455000E-02    4.3840919901E-01
D   4  1.00
    3.3678803060E+00   -3.8636025584E-02
    1.7565647810E+00    2.1273510397E-01
    6.5873501800E-01    4.9665233912E-01
    2.3105939600E-01    4.9260902520E-01
D   2  1.00
    7.2216226000E-02    8.3637321012E-01
    2.4801100000E-02    2.3595258281E-01
****
-Mo 0
S   5  1.00
    9.6737525130E+00    2.3722869291E-01
    3.5722821470E+00   -1.5007500289E+00
    1.5308497550E+00    9.8955650362E-01
    6.3199684000E-01    5.3357643451E-01
    2.8883933000E-01    2.3925958007E-01
S   2  1.00
    7.7841799700E-01    6.7052418370E-01
    5.3417265300E-01    3.3532329613E-01
S   2  1.00
    8.7626525000E-02    7.1776023714E-01
    3.3562682000E-02    3.1648183703E-01
P   4  1.00
    3.0937076730E+00   -7.6478375919E-01
    2.4036418730E+00    8.3328719171E-01
    8.1824031500E-01    6.5857015913E-01
    3.3620588000E-01    2.4932693876E-01
P   2  1.00
    1.4193616200E-01    5.4575774739E-01
    5.1142058000E-02    5.2890170694E-01
D   4  1.00
    4.2487066380E+00   -4.1816110215E-02
    2.0430767010E+00    1.9434162951E-01
    8.1921959900E-01    4.8188981465E-01
    3.0062328700E-01    5.0790308730E-01
D   2  1.00
    9.9924940000E-02    8.5908573659E-01
    3.3837585000E-02    2.0780158707E-01
****
-Tc 0
S   5  1.00
    8.7344882320E+00    2.4129314130E-01
    3.8358990950E+00   -2.6487586209E+00
    3.4697517450E+00    1.9100100440E+00
    9.6712451600E-01    9.2111762083E-01
    4.2418260400E-01    3.4482776026E-01
S   2  1.00
    1.0039245270E+00    6.8108022266E-01
    5.4301311600E-01    3.3413060887E-01
S   2  1.00
    8.8094237000E-02    7.3121410936E-01
    3.3682775000E-02    3.0221884692E-01
P   4  1.00
    3.4050239850E+00   -7.0342659368E-01
    2.5642650740E+00    7.8926774660E-01
    8.6358162500E-01    6.8192321211E-01
    3.3741103000E-01    2.0991697530E-01
P   2  1.00
    9.1795518000E-02    3.9189150299E-01
    2.9879283000E-02    6.8920728459E-01
D   4  1.00
    5.0977321110E+00   -4.0773107254E-02
    2.1871383330E+00    1.9703667257E-01
    9.7662447600E-01    4.6527543102E-01
    3.9605193500E-01    4.9475880083E-01
D   2  1.00
    1.4811004100E-01    8.3849443804E-01
    5.9688692000E-02    2.1283408774E-01
****
-Ru 0
S   5  1.00
    9.6965004810E+00    2.4513561109E-01
    3.9864902080E+00   -2.7538291730E+00
    3.5072705540E+00    1.9650027636E+00
    1.0443986380E+00    9.1351874219E-01
    4.4875192000E-01    3.5080204136E-01
S   2  1.00
    1.0644030460E+00    6.5934976859E-01
    6.2777998300E-01    3.5227992372E-01
S   2  1.00
    1.0179318400E-01    7.1713106013E-01
    3.4776412000E-02    3.2553741134E-01
P   4  1.00
    3.7634042950E+00   -6.3226333259E-01
    2.7708724580E+00    7.0294733407E-01
    9.8857243100E-01    6.5764067127E-01
    4.0859785500E-01    2.4612708255E-01
P   2  1.00
    1.8768700400E-01    6.9765308216E-01
    5.1504740000E-02    4.0678092685E-01
D   4  1.00
    5.5500320900E+00   -4.7241979936E-02
    2.4463558190E+00    2.0714010110E-01
    1.0733420250E+00    4.7652217534E-01
    4.2938940500E-01    4.8150491289E-01
D   2  1.00
    1.6505264500E-01    8.4513612185E-01
    6.8844897000E-02    2.0082336685E-01
****
-Rh 0
S   5  1.00
    1.0612277160E+01    2.3309152918E-01
    4.1757113580E+00   -2.5554368303E+00
    3.5401982650E+00    1.8136087041E+00
    1.0547124580E+00    9.6553983625E-01
    4.6347694200E-01    2.5710909956E-01
S   2  1.00
    1.1209878860E+00    7.2229154456E-01
    5.0535444000E-01    3.0126224465E-01
S   2  1.00
    1.0779905600E-01    6.9290241193E-01
    3.5593708000E-02    3.5433582812E-01
P   4  1.00
    3.9157627600E+00   -9.3353700536E-01
    3.2149462730E+00    9.7198286842E-01
    1.1383900140E+00    6.3995313431E-01
    4.8390020600E-01    2.9244059234E-01
P   2  1.00
    1.7380179100E-01    4.7289884543E-01
    5.8955084000E-02    6.0851494871E-01
D   4  1.00
    6.3968274590E+00   -3.1467446941E-02
    2.9083247680E+00    1.7358082734E-01
    1.3676661210E+00    4.5113347606E-01
    5.7307457300E-01    5.1544819142E-01
D   2  1.00
    2.1541798500E-01    8.6523851700E-01
    7.4694476000E-02    1.9657317573E-01
****
-Pd 0
S   5  1.00
    1.1260042205E+01    2.6536016700E-01
    4.4475544080E+00   -3.0186539239E+00
    3.7989504300E+00    2.1988137021E+00
    1.1251912400E+00    9.1451165865E-01
    4.5255602900E-01    3.0526230820E-01
S   2  1.00
    1.1515059620E+00    8.2602568748E-01
    7.5802288700E-01    1.7868919324E-01
S   2  1.00
    1.1434110700E-01    6.9583386515E-01
    4.1622072000E-02    3.4353530915E-01
P   4  1.00
    4.2802023310E+00   -7.2288086128E-01
    3.2583939380E+00    7.9125219146E-01
    1.1654549900E+00    6.5123505294E-01
    4.8822109900E-01    2.5170164023E-01
P   2  1.00
    2.0127539500E-01    6.6430564380E-01
    5.7053584000E-02    4.3917581621E-01
D   4  1.00
    6.9393350390E+00   -3.0099998191E-02
    3.0041306100E+00    2.0572338035E-01
    1.3655900500E+00    4.7370797684E-01
    5.7051882300E-01    4.6822169387E-01
D   2  1.00
    2.3521130600E-01    7.9272095132E-01
    9.8548615000E-02    2.6299388636E-01
****
-Ag 0
S   5  1.00
    1.1137380186E+01    1.8981957834E-01
    4.9896862940E+00   -2.1064134955E+00
    4.4759201940E+00    1.6005148032E+00
    1.2014863430E+00    9.6914023768E-01
    5.1039266800E-01    2.1437836525E-01
S   2  1.00
    1.1688652940E+00    7.7161133543E-01
    7.0389250800E-01    2.3686963081E-01
S   2  1.00
    1.0937417300E-01    7.5302812768E-01
    3.3776584000E-02    2.9401271464E-01
P   4  1.00
    4.5563726850E+00   -7.6410519453E-01
    3.5131662610E+00    8.3420809703E-01
    1.2447948640E+00    6.5826762074E-01
    5.1204773900E-01    2.4346913447E-01
P   2  1.00
    1.7641680000E-01    5.6864013088E-01
    5.2372033000E-02    5.3313715186E-01
D   4  1.00
    7.4464533920E+00   -2.8891641750E-02
    3.2559279760E+00    2.1142408654E-01
    1.4581773860E+00    4.8001361158E-01
    5.9630571900E-01    4.6144109086E-01
D   2  1.00
    2.2982551300E-01    8.8077267334E-01
    9.0151970000E-02    1.6256247292E-01
****
-Cd 0
S   5  1.00
    1.2017244505E+01    1.7254272496E-01
    5.1142178260E+00   -1.9344509518E+00
    4.4469401150E+00    1.4782940656E+00
    1.2166283490E+00    9.5117989927E-01
    5.3205212700E-01    1.9763702675E-01
S   2  1.00
    1.0551059870E+00    8.5363154148E-01
    6.0414832900E-01    1.5367859477E-01
S   2  1.00
    1.4638339400E-01    6.9264347169E-01
    4.7046479000E-02    3.5684309434E-01
P   4  1.00
    4.7572332470E+00   -9.6997219726E-01
    3.8673724080E+00    1.0374066562E+00
    1.3588230770E+00    6.4979308336E-01
    5.7709877900E-01    2.5110591454E-01
P   2  1.00
    1.8236081600E-01    6.1937993902E-01
    6.2419276000E-02    4.6026620088E-01
D   4  1.00
    8.1100200590E+00   -2.6797778106E-02
    3.4517267690E+00    2.2511942949E-01
    1.5817082820E+00    4.7549537374E-01
    6.7340797600E-01    4.4481773776E-01
D   2  1.00
    2.7263446900E-01    8.9400097710E-01
    1.1333986700E-01    1.4039392687E-01
****
-In 0
S   4  1.00
    1.4247532050E+00    2.8405068598E-01
    9.6777651800E-01   -5.6796049206E-01
    1.8931658000E-01    4.8317526264E-01
    6.9682987000E-02    7.0120907969E-01
S   2  1.00
    2.6206402400E-01    6.1850351756E-02
    6.4458771000E-02    9.5511953909E-01
P   4  1.00
    1.8104490270E+00    1.0666599964E-01
    1.0466434970E+00   -3.3585988054E-01
    1.8498757800E-01    7.9704458015E-01
    7.1861620000E-02    3.3760041013E-01
P   2  1.00
    1.3809817100E-01    1.1132678538E-01
    4.1247581000E-02    9.2406532568E-01
D   2  1.00
    1.3824200500E-01    3.7134984387E-01
    7.9777300000E-02    6.5813731494E-01
****
-Sn 0
S   4  1.00
    2.4010620790E+00    2.0907111357E-01
    1.1533161160E+00   -7.0299621085E-01
    2.2691476400E-01    7.2041912156E-01
    1.1003794800E-01    5.3638425276E-01
S   2  1.00
    3.1722548700E-01    1.4454844297E-01
    6.1053997000E-02    9.0246193846E-01
P   4  1.00
    2.5668984250E+00    7.4051052633E-02
    1.4992604360E+00   -2.2832080585E-01
    2.2703474800E-01    6.6339580481E-01
    9.2179499000E-02    4.3990313452E-01
P   2  1.00
    1.7340734700E-01    1.0195396532E-01
    4.8674550000E-02    9.3332956436E-01
D   2  1.00
    2.4110238600E-01    4.5041854860E-01
    1.1655133600E-01    6.0315371782E-01
****
-Sb 0
S   4  1.00
    1.9012914960E+00    9.0340242283E-01
    1.4494751200E+00   -1.4308786732E+00
    2.5517966300E-01    5.7742621922E-01
    1.5955730100E-01    6.8557888957E-01
S   2  1.00
    3.5511412700E-01    1.1209171417E-01
    6.7393142000E-02    9.2593416687E-01
P   4  1.00
    2.3756898520E+00    9.6680911889E-02
    1.3480627740E+00   -3.0461983676E-01
    2.4374463700E-01    7.6736623606E-01
    1.0716699000E-01    3.5267560567E-01
P   2  1.00
    2.0541944900E-01    6.9369017434E-02
    6.2916291000E-02    9.5279811456E-01
D   2  1.00
    2.0528424900E-01    6.4329224429E-01
    1.6119468500E-01    3.6256603606E-01
****
-Te 0
S   4  1.00
    2.0835141310E+00    1.1956784419E+00
    1.7145079020E+00   -1.7100640295E+00
    2.4372185700E-01    1.0572067931E+00
    1.3068137100E-01    1.8922116841E-01
S   2  1.00
    3.1579440500E-01    1.9293370971E-01
    8.8221331000E-02    8.4694717951E-01
P   4  1.00
    2.4810128110E+00    1.3891504461E-01
    1.3991692060E+00   -4.4884815706E-01
    2.2994630800E-01    6.3996357779E-01
    1.2743463800E-01    4.6608088205E-01
P   2  1.00
    5.0381641900E-01    6.6771955768E-01
    5.6809623000E-02    5.7906645454E-01
D   2  1.00
    1.9201818300E-01    6.8497715462E-01
    6.4437865000E-02    4.2272906266E-01
****
-I 0
S   4  1.00
    2.4676377560E+00    5.3524963651E-01
    1.6969281620E+00   -1.0199272097E+00
    2.9883621500E-01    8.8359130364E-01
    1.3919922700E-01    3.8430156485E-01
S   2  1.00
    2.4143761300E-01    2.0740181546E-01
    7.8209906000E-02    8.2678275854E-01
P   4  1.00
    9.5441786600E-01   -6.1195762915E-01
    6.6358986000E-01    6.7230292567E-01
    2.3675013400E-01    5.6200221819E-01
    1.3058473900E-01    3.1700804651E-01
P   2  1.00
    2.2916824300E-01    3.0469258716E-02
    6.7220885000E-02    9.8016768707E-01
D   2  1.00
    3.2794162400E-01    1.3118033428E-01
    2.2851454600E-01    8.7513673054E-01
****
-Xe 0
S   4  1.00
    2.7550959250E+00    4.3030416027E-01
    1.7383123670E+00   -9.2576224595E-01
    3.5804665100E-01    8.4219728321E-01
    1.4212460400E-01    4.6148671807E-01
S   2  1.00
    2.7547885000E-01    1.8333472874E-01
    1.0090705800E-01    8.4198824056E-01
P   4  1.00
    1.1178397190E+00   -4.5622336682E-01
    6.9126791000E-01    5.3349950582E-01
    2.7926771300E-01    4.9252674678E-01
    1.5595549900E-01    3.7453934073E-01
P   2  1.00
    2.6535202700E-01    3.5942598067E-02
    7.5892744000E-02    9.7693605447E-01
D   2  1.00
    4.0278020900E-01    1.3554984743E-01
    2.4363282700E-01    8.7669279877E-01
****
-Cs 0
S   4  1.00
    2.1724333230E+00    3.8752497729E-01
    1.2135594300E+00   -2.3713809445E+00
    9.1307418100E-01    1.5687192863E+00
    3.1388049800E-01    1.1366055724E+00
S   3  1.00
    1.2944343900E+00   -2.2782795478E-01
    1.0887562640E+00    3.2528851299E-01
    1.4199020200E-01    9.3563404813E-01
S   2  1.00
    1.1048681900E-01    3.6129539352E-01
    2.1036226000E-02    7.3284921374E-01
P   4  1.00
    1.2966120630E+00   -2.1524449490E-01
    5.1158765000E-01    5.5983583570E-01
    2.0155009200E-01    5.6362051231E-01
    6.5338478000E-02    9.8369962905E-02
P   3  1.00
    2.9967572200E-01   -1.3921564399E-01
    6.3470843000E-02    1.0018995273E-01
    2.9363753000E-02    9.4409819491E-01
D   2  1.00
    2.8801315300E-01    6.0546539223E-01
    9.4776153000E-02    5.1241878617E-01
****
-Ba 0
S   4  1.00
    2.1652244400E+00    4.4689551620E-01
    1.5636066630E+00   -1.0709753179E+00
    4.6838866000E-01    1.0474404453E+00
    1.8249063000E-01    3.9966583639E-01
S   3  1.00
    9.6981188100E-01    8.1047403046E-01
    4.3833580800E-01   -2.2837230424E-01
    5.1413927000E-02    6.7299871376E-01
S   2  1.00
    3.8420686000E-02    2.4928360616E-01
    3.4827157000E-02    7.5105439269E-01
P   4  1.00
    1.2468676770E+00   -3.2059395394E-01
    6.1971910400E-01    6.5758153271E-01
    3.1472219200E-01    1.8853209670E-01
    2.1821487300E-01    4.3837115401E-01
P   3  1.00
    8.8882323800E-01   -1.1942603031E-02
    1.1233942500E-01    6.7018101271E-01
    4.8917252000E-02    3.7986006475E-01
D   2  1.00
    3.7636279800E-01    6.4414497651E-01
    1.2267839100E-01    4.7313027043E-01
****
-La 0
S   4  1.00
    2.9615188150E+00    6.1217587752E-01
    2.1168988870E+00   -1.1101569771E+00
    5.2115246500E-01    9.1554867388E-01
    2.3006939900E-01    4.3761029340E-01
S   2  1.00
    5.7954611900E-01    4.5564089941E-01
    2.9050975300E-01    5.6577583081E-01
S   2  1.00
    4.8916763000E-02    7.2797887580E-01
    1.8604737000E-02    3.0604659188E-01
P   4  1.00
    3.2452456430E+00    2.3684856016E-01
    2.4708904350E+00   -4.4579482846E-01
    5.4530385700E-01    7.0578943915E-01
    2.1653796700E-01    4.5101648462E-01
P   2  1.00
    3.3299369000E-02    9.6822602887E-01
    6.7457240000E-03    6.2464140813E-02
D   4  1.00
    1.5098488160E+00   -9.5356842173E-02
    7.4300987500E-01    1.8650008820E-01
    3.3987913500E-01    5.0521268093E-01
    1.3751228600E-01    4.8204495296E-01
D   2  1.00
    6.0432252000E-02    7.2603827450E-01
    2.1446771000E-02    3.6600589789E-01
****
-Ce 0
S   4  1.00
    2.3387082690E+00    5.8343916544E-01
    1.3219380600E+00   -4.2292150421E+00
    9.3665343100E-01    2.5885962315E+00
    4.3317450800E-01    8.9123466992E-01
S   2  1.00
    7.8716138500E-01    4.0630718627E-01
    2.5614102900E-01    6.4515829593E-01
S   2  1.00
    4.2862440000E-02    8.2049386579E-01
    1.9521353000E-02    1.9661237790E-01
P   4  1.00
    2.2197749340E+00    3.5148255979E-01
    2.0189125070E+00   -5.7422039091E-01
    5.9208736300E-01    7.2832850243E-01
    2.7715890800E-01    4.3662629464E-01
P   1  1.00
    1.5606258000E-01    1.0000000000E+00
D   3  1.00
    1.0842213860E+00   -2.1125034992E-02
    4.4854017500E-01    8.6612368376E-01
    1.5196094500E-01    2.1717361314E-01
D   2  1.00
    1.3954925900E-01    8.7208409844E-01
    4.0874026000E-02    2.0905495342E-01
F   5  1.00
    3.4145399262E+01    4.6269131408E-02
    1.2065428998E+01    2.0145697359E-01
    4.4501112060E+00    4.0877916476E-01
    1.6764032300E+00    4.9245905281E-01
    6.5208463600E-01    1.7807995216E-01
F   2  1.00
    5.4519939700E-01    5.6461730370E-01
    1.6190740000E-01    6.0665994229E-01
****
-Pr 0
S   4  1.00
    3.1689846520E+00    3.5129015951E-01
    1.6678907170E+00   -2.0382563277E+00
    8.1218612500E-01    5.5766101537E-01
    6.0152924500E-01    3.1197276032E-01
S   2  1.00
    9.0387535200E-01    5.7635532634E-01
    3.0118917700E-01    4.7551631158E-01
S   2  1.00
    6.2615657000E-02    7.9282027232E-01
    2.2405546000E-02    2.3949643545E-01
P   4  1.00
    2.4821081370E+00    4.5101794140E-01
    2.2573819970E+00   -7.5602536574E-01
    6.8556585000E-01    1.0047726067E+00
    3.8714466900E-01    1.9481739718E-01
P   1  1.00
    2.2038106400E-01    1.0000000000E+00
D   3  1.00
    1.0025332160E+00   -2.8999076876E-02
    7.5022354100E-01    8.9619086411E-01
    2.2932905300E-01    2.0761970728E-01
D   2  1.00
    2.0567375300E-01    8.7436114218E-01
    4.6531824000E-02    2.4440392281E-01
F   5  1.00
    4.0232881930E+01    4.4998187392E-02
    1.4439096901E+01    2.1064583105E-01
    5.6668242320E+00    4.1324930452E-01
    2.4378732550E+00    4.4536742476E-01
    1.0498273950E+00    1.7199792000E-01
F   2  1.00
    1.1559046070E+00    5.4082494871E-01
    3.6718486500E-01    6.1485916067E-01
****
-Nd 0
S   4  1.00
    2.3994452310E+00    6.7237985157E-01
    1.6828843240E+00   -2.2160802648E+00
    9.8814172900E-01    4.6453328270E-01
    2.0892020600E-01    3.8822485022E-01
S   2  1.00
    1.1272987980E+00    4.8767400629E-01
    4.8928449200E-01    5.4344837443E-01
S   2  1.00
    2.4303841000E-02    4.5970319020E-01
    1.3029609000E-02    5.5789146592E-01
P   4  1.00
    2.3247353460E+00    3.1856482751E-01
    2.0562191460E+00   -6.6499447281E-01
    6.9782906300E-01    1.0713145057E+00
    5.0919467900E-01    1.6056928201E-01
P   1  1.00
    2.3546914000E-01    1.0000000000E+00
D   3  1.00
    1.0745772990E+00   -2.1300526247E-02
    4.7206210400E-01    8.5612601594E-01
    2.0001586300E-01    2.0387321434E-01
D   2  1.00
    1.4261726400E-01    7.8808369831E-01
    5.7631924000E-02    2.7325478826E-01
F   5  1.00
    4.6847185945E+01    3.6670274185E-02
    1.7019304283E+01    1.8406363980E-01
    6.7986212540E+00    3.8095199811E-01
    2.8870915630E+00    4.8913841071E-01
    1.1089822040E+00    2.0004301368E-01
F   2  1.00
    1.2617947310E+00    5.6896934284E-01
    3.8876400800E-01    5.9424571190E-01
****
-Pm 0
S   4  1.00
    2.9304283390E+00    5.9852570102E-01
    1.9274984940E+00   -1.9607815875E+00
    7.7254891400E-01    3.8552805229E-01
    1.6984310000E-01    3.0804287384E-01
S   2  1.00
    1.0620211130E+00    2.7104090358E-01
    4.4306165600E-01    7.5516963794E-01
S   2  1.00
    4.7080342000E-02    3.8456242012E-01
    2.0131077000E-02    6.4556443346E-01
P   4  1.00
    2.5264095580E+00    2.8408685627E-01
    2.1828823780E+00   -5.4787074212E-01
    6.7834529900E-01    8.7495135532E-01
    3.6842227300E-01    3.0983580871E-01
P   1  1.00
    2.1745202600E-01    1.0000000000E+00
D   3  1.00
    1.1759376250E+00   -2.4894727670E-02
    4.3743803800E-01    8.6873799426E-01
    2.1286751800E-01    1.7616369646E-01
D   2  1.00
    1.1223743200E-01    6.5711076880E-01
    2.9513407000E-02    5.0068403983E-01
F   5  1.00
    4.9708022670E+01    3.2410175606E-02
    1.7966438036E+01    1.6352211338E-01
    7.1020805850E+00    3.4956561220E-01
    2.9081425100E+00    4.6986998078E-01
    1.2156063140E+00    2.8604326130E-01
F   2  1.00
    8.7975604500E-01    4.8153324550E-01
    3.5980559800E-01    6.1860790912E-01
****
-Sm 0
S   4  1.00
    3.1984689860E+00    5.5923583457E-01
    2.0546383960E+00   -1.8655616974E+00
    8.2422222300E-01    3.2769497046E-01
    1.6016847700E-01    2.4866016313E-01
S   2  1.00
    9.4660988500E-01    3.0641296289E-01
    4.2826340700E-01    7.1717848960E-01
S   2  1.00
    5.5236923000E-02    4.0773940588E-01
    2.4617412000E-02    6.2030418678E-01
P   4  1.00
    2.5131240790E+00    3.0165346116E-01
    2.2371889000E+00   -5.6984582249E-01
    6.9782770400E-01    9.0769351086E-01
    3.8056570200E-01    2.7672266702E-01
P   1  1.00
    2.2562301400E-01    1.0000000000E+00
D   3  1.00
    9.2653512500E-01   -2.4804831646E-02
    5.1936289300E-01    8.3233269852E-01
    2.2109803700E-01    2.3812304615E-01
D   2  1.00
    1.5430482500E-01    6.2988331274E-01
    5.3900116000E-02    4.7561811429E-01
F   5  1.00
    5.0128022078E+01    3.6172790839E-02
    1.8164742527E+01    1.7382415434E-01
    7.1835027160E+00    3.5751604131E-01
    2.9627541070E+00    4.6262724025E-01
    1.2321409770E+00    2.7619218893E-01
F   2  1.00
    9.3057739800E-01    4.5260004732E-01
    3.7279789000E-01    6.4968664829E-01
****
-Eu 0
S   4  1.00
    3.3450599060E+00    4.7554504432E-01
    2.0755740620E+00   -1.7772778592E+00
    9.4042698200E-01    2.9408420615E-01
    1.8167465000E-01    2.4361997804E-01
S   2  1.00
    1.0521663340E+00    3.4732764163E-01
    4.4292626600E-01    6.8240766720E-01
S   2  1.00
    6.1414093000E-02    3.9454720602E-01
    3.1784177000E-02    6.2419273862E-01
P   4  1.00
    2.4956340090E+00    3.1012832779E-01
    2.2925067160E+00   -5.6981384421E-01
    7.2059130800E-01    9.0632160135E-01
    3.8614252700E-01    2.7195190306E-01
P   1  1.00
    2.2937458800E-01    1.0000000000E+00
D   3  1.00
    9.6494660900E-01   -1.9662527868E-02
    4.9732776300E-01    8.6029082044E-01
    2.1250337200E-01    1.9852471475E-01
D   2  1.00
    1.5545285900E-01    6.5577483142E-01
    5.8419431000E-02    4.3475426199E-01
F   5  1.00
    5.1095384126E+01    3.8622672980E-02
    1.8473596326E+01    1.7758528067E-01
    7.3468158980E+00    3.5503198258E-01
    3.0596537330E+00    4.4765772399E-01
    1.2736886570E+00    2.9290958107E-01
F   2  1.00
    8.8197183200E-01    4.0396972389E-01
    3.8129255400E-01    6.8019971252E-01
****
-Gd 0
S   4  1.00
    4.0000191040E+00    3.6504536002E-01
    2.1957313900E+00   -1.6254631048E+00
    9.6524115400E-01    2.7300297980E-01
    1.6224818700E-01    2.0157627203E-01
S   2  1.00
    1.0983677090E+00    4.0189988444E-01
    4.3254827100E-01    6.3454563432E-01
S   2  1.00
    6.4209409000E-02    4.0085801236E-01
    3.3870628000E-02    6.1695215801E-01
P   4  1.00
    2.4278731110E+00    3.0249184779E-01
    2.3117798230E+00   -5.4671828523E-01
    7.3970341000E-01    8.8273992050E-01
    3.6672522200E-01    2.8983265961E-01
P   1  1.00
    2.2782861500E-01    1.0000000000E+00
D   3  1.00
    9.1766730400E-01   -1.9640099522E-02
    5.2946179500E-01    8.3204315394E-01
    2.2126640000E-01    2.3603677972E-01
D   2  1.00
    1.5079118300E-01    6.4748043438E-01
    5.5406935000E-02    4.4765856343E-01
F   5  1.00
    5.2702891850E+01    4.0742327134E-02
    1.8968629359E+01    1.8570493966E-01
    7.4837616370E+00    3.6431849549E-01
    3.1245511410E+00    4.3942431621E-01
    1.2979172580E+00    2.8608092268E-01
F   2  1.00
    8.8233678700E-01    4.0238330493E-01
    3.8448457900E-01    6.8026104439E-01
****
-Tb 0
S   4  1.00
    3.2013865050E+00    4.8465245206E-01
    2.1267844160E+00   -1.7731254417E+00
    9.9909749500E-01    2.9949685953E-01
    1.5741745000E-01    1.3883300454E-01
S   2  1.00
    1.0236270540E+00    4.4181886119E-01
    4.3069780200E-01    5.9092070393E-01
S   2  1.00
    6.9974899000E-02    4.9793796538E-01
    3.2940991000E-02    5.2768888516E-01
P   4  1.00
    2.0739895710E+00   -5.2244287161E-01
    1.8284712690E+00    3.2746174401E-01
    7.7572676900E-01    7.4608386896E-01
    3.8409137100E-01    3.8938514194E-01
P   1  1.00
    2.1791571100E-01    1.0000000000E+00
D   3  1.00
    8.2517175800E-01   -2.3418143843E-02
    6.0015408100E-01    7.6539318039E-01
    2.3945754200E-01    3.2633819828E-01
D   2  1.00
    1.7084029400E-01    7.0600740113E-01
    6.6393297000E-02    3.7369500001E-01
F   5  1.00
    5.6589558964E+01    3.9650351371E-02
    2.0155230196E+01    1.8753134393E-01
    7.8203605530E+00    3.7769520692E-01
    3.1788828890E+00    4.5049702494E-01
    1.2899183110E+00    2.6519765878E-01
F   2  1.00
    9.4281835600E-01    4.4519355539E-01
    3.7516816600E-01    6.5778476367E-01
****
-Dy 0
S   4  1.00
    3.0776389720E+00    5.5572547210E-01
    2.1445169030E+00   -1.8424683470E+00
    1.0325248610E+00    2.9529402307E-01
    1.4988485500E-01    1.3599491026E-01
S   2  1.00
    1.1879184920E+00    4.7786949550E-01
    4.3996446500E-01    5.6520852202E-01
S   2  1.00
    4.9122677000E-02    4.8140044735E-01
    2.0927956000E-02    5.5100373792E-01
P   4  1.00
    2.2820497630E+00   -5.2992034746E-01
    2.1499867940E+00    3.3654781190E-01
    7.7851374000E-01    7.4235905015E-01
    3.7521934300E-01    3.9666452206E-01
P   1  1.00
    1.9993955400E-01    1.0000000000E+00
D   3  1.00
    8.3265033400E-01   -2.2702987929E-02
    5.8650564800E-01    7.7966999103E-01
    2.4967987500E-01    2.9969155511E-01
D   2  1.00
    1.8010507700E-01    7.0099509340E-01
    6.5825970000E-02    3.8957996231E-01
F   5  1.00
    5.7861342453E+01    4.1090344004E-02
    2.0635393825E+01    1.9088177189E-01
    8.0045353660E+00    3.7895287634E-01
    3.2264495560E+00    4.4636230312E-01
    1.2941751710E+00    2.7025334885E-01
F   2  1.00
    8.8116557000E-01    4.2880512486E-01
    3.3975442200E-01    6.7862127735E-01
****
-Ho 0
S   4  1.00
    3.2158552880E+00    5.8140599844E-01
    2.2546332640E+00   -1.8793437705E+00
    9.2667846500E-01    3.1585142948E-01
    1.9797869600E-01    1.5186118035E-01
S   2  1.00
    1.0745846870E+00    5.6104451353E-01
    4.3361307900E-01    4.7530244250E-01
S   2  1.00
    5.3966344000E-02    4.3321251713E-01
    2.1991635000E-02    6.0164967006E-01
P   4  1.00
    2.2767405470E+00   -4.4025209509E-01
    1.8756894340E+00    3.1597491508E-01
    7.6935184500E-01    6.8699598856E-01
    3.4246701500E-01    4.0147311176E-01
P   1  1.00
    1.8955952100E-01    1.0000000000E+00
D   3  1.00
    7.2308636600E-01   -2.0274371331E-02
    6.3626720500E-01    7.5045825052E-01
    2.3493178300E-01    3.5386737834E-01
D   2  1.00
    1.7948595600E-01    7.0091834537E-01
    7.3557821000E-02    3.7090851186E-01
F   5  1.00
    6.0830053758E+01    4.1799140100E-02
    2.1588065934E+01    1.9754723926E-01
    8.2504794110E+00    3.9745227183E-01
    3.2756194870E+00    4.5088531579E-01
    1.2805817630E+00    2.4263877199E-01
F   2  1.00
    1.0618587710E+00    4.4169527018E-01
    3.7805336400E-01    6.8241755726E-01
****
-Er 0
S   4  1.00
    3.3000081940E+00    4.7850256808E-01
    2.2614561850E+00   -1.7196792598E+00
    9.0114200900E-01    2.5914393765E-01
    1.8512901700E-01    1.2343579357E-01
S   2  1.00
    1.2348312220E+00    5.9776826871E-01
    4.3510111400E-01    4.4875981726E-01
S   2  1.00
    3.9648760000E-02    5.5252400979E-01
    3.6670951000E-02    4.4775847951E-01
P   4  1.00
    2.3276436680E+00   -4.3142125785E-01
    1.8534928830E+00    3.2643322039E-01
    7.7433880100E-01    6.5748239078E-01
    3.6133227700E-01    4.0869380892E-01
P   1  1.00
    1.8644851700E-01    1.0000000000E+00
D   3  1.00
    9.0025331300E-01   -2.5987999997E-02
    6.4509890700E-01    7.8255520053E-01
    1.7116558600E-01    3.7887135295E-01
D   2  1.00
    1.7720273700E-01    7.1957938239E-01
    6.3204718000E-02    3.7259748237E-01
F   5  1.00
    6.6650276003E+01    3.7980311815E-02
    2.3862873532E+01    1.8264427160E-01
    9.4132698680E+00    3.6608408282E-01
    3.9037034560E+00    4.3600158506E-01
    1.6282188010E+00    2.9291744313E-01
F   2  1.00
    9.6418158800E-01    4.6933757221E-01
    4.1737404000E-01    6.1928540839E-01
****
-Tm 0
S   4  1.00
    3.5299519680E+00    4.3305816481E-01
    2.3732647520E+00   -1.6495902645E+00
    8.5973269400E-01    2.4014942106E-01
    1.8899427300E-01    1.2418227099E-01
S   2  1.00
    1.2377147000E+00    6.0552628310E-01
    4.3788333100E-01    4.4043297099E-01
S   2  1.00
    5.6601468000E-02    5.3640788569E-01
    3.4452658000E-02    4.7491889326E-01
P   4  1.00
    2.3894150390E+00   -4.1176108325E-01
    1.8556000570E+00    3.1948689263E-01
    8.0665788900E-01    6.4186000705E-01
    3.6431735700E-01    4.1832579425E-01
P   1  1.00
    1.8967969600E-01    1.0000000000E+00
D   3  1.00
    8.4210408200E-01   -2.4961189855E-02
    6.4269388900E-01    7.7944284358E-01
    1.7420558800E-01    3.7829961696E-01
D   2  1.00
    1.8537620500E-01    7.3412745073E-01
    6.6999788000E-02    3.5355178128E-01
F   5  1.00
    6.9098639820E+01    3.8787164012E-02
    2.4622398191E+01    1.8442490732E-01
    9.6705849640E+00    3.6805624608E-01
    3.9676759580E+00    4.3596291661E-01
    1.6026915740E+00    2.9775432182E-01
F   2  1.00
    8.6298295500E-01    4.8668213032E-01
    3.8713539900E-01    5.9600338904E-01
****
-Yb 0
S   4  1.00
    4.1297665090E+00    2.2682183847E-01
    2.3674906700E+00   -1.3695376118E+00
    8.0665022000E-01    1.6301560535E-01
    2.0227385000E-01    7.9341456567E-02
S   2  1.00
    1.4384281890E+00    6.3194846115E-01
    4.5855181100E-01    4.2197523175E-01
S   2  1.00
    6.0105437000E-02    5.3467061224E-01
    3.5482633000E-02    4.7807743706E-01
P   4  1.00
    2.4716593140E+00   -3.8279296732E-01
    1.8609936690E+00    3.0791978425E-01
    8.2348541200E-01    5.9313266137E-01
    3.6751090100E-01    4.5558029293E-01
P   1  1.00
    1.7137331500E-01    1.0000000000E+00
D   3  1.00
    8.0514347100E-01   -2.5087335251E-02
    4.9818496600E-01    7.2397398570E-01
    1.8318772600E-01    3.8610478010E-01
D   2  1.00
    4.8692801000E-02    6.0104317928E-01
    2.0653140000E-03    7.7625080744E-01
F   5  1.00
    6.9918468598E+01    4.1159391789E-02
    2.4947950088E+01    1.9169846070E-01
    9.7654631620E+00    3.7510549001E-01
    4.0111516820E+00    4.2769685782E-01
    1.6359822960E+00    2.9176867826E-01
F   2  1.00
    8.8539119900E-01    4.5607941474E-01
    4.2739330800E-01    6.1230195232E-01
****
-Lu 0
S   4  1.00
    3.9977029160E+00    5.2032701652E-01
    2.7092619890E+00   -1.7518588234E+00
    9.0262598000E-01    2.7927006513E-01
    1.9709983400E-01    1.1771349708E-01
S   2  1.00
    1.2498159760E+00    5.9534562447E-01
    4.6548004800E-01    4.4667020530E-01
S   2  1.00
    8.0960274000E-02    5.0662307919E-01
    4.7485302000E-02    5.0647632552E-01
P   4  1.00
    2.5814640100E+00   -4.1063867299E-01
    1.9763119040E+00    3.4549027337E-01
    8.3520709600E-01    6.2265521145E-01
    3.5641388900E-01    4.2203832474E-01
P   1  1.00
    1.5642176500E-01    1.0000000000E+00
D   3  1.00
    9.1706262900E-01   -2.6390585385E-02
    5.7277520300E-01    7.6650296739E-01
    1.6819103300E-01    3.7813439531E-01
D   2  1.00
    8.6838737000E-02    6.2647503618E-01
    3.8900529000E-02    4.3733317862E-01
F   5  1.00
    7.3095465952E+01    4.1524480904E-02
    2.6023715946E+01    1.9291509904E-01
    1.0230613237E+01    3.7450739019E-01
    4.1822552000E+00    4.3053526313E-01
    1.6563744700E+00    2.9343891997E-01
F   2  1.00
    8.2684021400E-01    3.8111233892E-01
    4.9764936500E-01    6.5154147313E-01
****
-Hf 0
S   4  1.00
    5.7452639130E+00    1.9549109625E+00
    3.8941425540E+00   -5.9404328613E+00
    3.1210273360E+00    3.3542070568E+00
    6.3549670200E-01    1.1230042425E+00
S   2  1.00
    7.6484435100E-01    7.8915497178E-01
    2.9033968500E-01    2.3993409417E-01
S   2  1.00
    8.2091325000E-02    8.5414613303E-01
    2.5505481000E-02    1.7813536852E-01
P   4  1.00
    8.0473497560E+00    1.4673066170E-01
    5.3531549050E+00   -3.3262243451E-01
    9.8973130300E-01    6.6375633304E-01
    3.7308495600E-01    4.7383582567E-01
P   2  1.00
    4.2930781000E-02    6.6039082583E-01
    1.8204545000E-02    3.8986759813E-01
D   4  1.00
    3.4306862560E+00   -6.3676972035E-02
    1.2846387570E+00    2.6589186657E-01
    4.3371851800E-01    5.8192443138E-01
    1.5029585100E-01    3.6700741196E-01
D   2  1.00
    7.2503797000E-02    7.5423254491E-01
    2.7061821000E-02    3.2484812899E-01
****
-Ta 0
S   4  1.00
    5.9638037080E+00    1.6121055486E+00
    3.9611166780E+00   -4.9065370251E+00
    3.0857666330E+00    2.7674123580E+00
    6.6580870100E-01    1.1160055027E+00
S   2  1.00
    8.0597232000E-01    8.4139179263E-01
    2.6893053200E-01    1.8895337961E-01
S   2  1.00
    8.6553430000E-02    8.5472303926E-01
    2.7791157000E-02    1.7566418384E-01
P   4  1.00
    8.1829042080E+00    1.5250467505E-01
    5.4190107280E+00   -3.5394542958E-01
    1.0808973050E+00    6.5574199733E-01
    4.2710185900E-01    4.8666244952E-01
P   2  1.00
    1.2366516700E-01    6.4498800504E-01
    7.4631392000E-02    3.7309833238E-01
D   4  1.00
    3.9387808580E+00   -6.0222959782E-02
    1.3674991380E+00    2.3495436244E-01
    6.2993594500E-01    3.9442814068E-01
    2.7309240800E-01    5.2877130628E-01
D   2  1.00
    9.9925683000E-02    7.6292213418E-01
    3.7943853000E-02    3.1195899296E-01
****
-W 0
S   4  1.00
    6.1061259470E+00    1.9739662172E+00
    4.1277025700E+00   -6.0191934555E+00
    3.2749708170E+00    3.4426686988E+00
    7.3300447300E-01    1.1258886555E+00
S   2  1.00
    8.4144406700E-01    8.2801284184E-01
    2.7178021300E-01    2.0616828542E-01
S   2  1.00
    1.0033181300E-01    8.1245862347E-01
    2.9632733000E-02    2.2985453465E-01
P   4  1.00
    8.2855535300E+00    1.7039198173E-01
    5.6156781880E+00   -3.8209116816E-01
    1.1585730470E+00    6.6316379775E-01
    4.6761738000E-01    4.8373674077E-01
P   2  1.00
    1.3727062800E-01    8.0668749882E-01
    8.2293679000E-02    2.0615955617E-01
D   4  1.00
    4.1921268470E+00   -6.0018363636E-02
    1.4484135620E+00    2.3723214015E-01
    6.2662782500E-01    4.7335641730E-01
    2.4912467000E-01    4.6257855417E-01
D   2  1.00
    9.7421390000E-02    7.5004939761E-01
    3.6447055000E-02    3.2938324446E-01
****
-Re 0
S   4  1.00
    6.4887820030E+00    1.4117920110E+00
    4.2175684600E+00   -4.5074349544E+00
    3.2628794280E+00    2.6241675373E+00
    7.5478422300E-01    1.1127720304E+00
S   2  1.00
    9.4108173500E-01    8.4513366626E-01
    2.7271235600E-01    1.9282472737E-01
S   2  1.00
    1.1112686000E-01    6.6850080912E-01
    4.0009355000E-02    3.7333823250E-01
P   4  1.00
    7.5204976820E+00    5.8784540777E-01
    6.4982585060E+00   -8.0063850301E-01
    1.2164273940E+00    6.7708478518E-01
    4.9515843800E-01    4.6885513029E-01
P   2  1.00
    1.3618644200E-01    8.3012060831E-01
    8.2441358000E-02    1.8108483254E-01
D   4  1.00
    4.4242760910E+00   -6.4915614469E-02
    1.5375286440E+00    2.4939607694E-01
    7.2085071000E-01    4.4042696198E-01
    3.1237770300E-01    4.6741360226E-01
D   2  1.00
    1.2272309600E-01    8.1265948489E-01
    5.0344646000E-02    2.4203788390E-01
****
-Os 0
S   4  1.00
    6.5893015210E+00    1.9896921101E+00
    4.4834108260E+00   -6.2510777867E+00
    3.5987847480E+00    3.7032106074E+00
    8.3048287400E-01    1.1298360311E+00
S   2  1.00
    9.7440198600E-01    8.2665050139E-01
    3.3709988000E-01    2.0368942993E-01
S   2  1.00
    1.1937147800E-01    7.7002819635E-01
    4.0334653000E-02    2.6850901854E-01
P   4  1.00
    8.0188685080E+00    3.9385512328E-01
    6.5163330880E+00   -6.1441932619E-01
    1.2986616050E+00    6.8083664706E-01
    5.3704700800E-01    4.6930540184E-01
P   2  1.00
    1.6342559500E-01    9.2450896271E-01
    4.6752457000E-02    1.1348728787E-01
D   4  1.00
    4.5620228870E+00   -7.1652851746E-02
    1.7004981700E+00    2.4752901559E-01
    7.8396350600E-01    4.6220834344E-01
    3.3303441900E-01    4.5404027344E-01
D   2  1.00
    1.2832031100E-01    9.0065470173E-01
    5.1494690000E-02    1.3480328439E-01
****
-Ir 0
S   4  1.00
    6.9906964810E+00    2.2320493006E+00
    4.6576288270E+00   -7.7134183131E+00
    3.8221332400E+00    4.7492866421E+00
    8.8882562200E-01    1.1148496820E+00
S   2  1.00
    1.0237937700E+00    8.6484393525E-01
    3.0919931600E-01    1.6706919128E-01
S   2  1.00
    1.2796747900E-01    7.2552363107E-01
    4.0088561000E-02    3.2324970923E-01
P   4  1.00
    8.6890881850E+00    2.6780519718E-01
    6.5773665590E+00   -4.8968255077E-01
    1.3564133540E+00    7.1121385666E-01
    5.4492809400E-01    4.4359449345E-01
P   2  1.00
    1.4079438200E-01    6.9396683236E-01
    4.8851627000E-02    3.7811534346E-01
D   4  1.00
    4.6651786650E+00   -7.9272195887E-02
    1.8060504240E+00    2.6847597507E-01
    7.8739462500E-01    4.9807815019E-01
    3.2137398800E-01    4.1260058808E-01
D   2  1.00
    1.2162529900E-01    9.0658778736E-01
    4.9105699000E-02    1.2661154937E-01
****
-Pt 0
S   4  1.00
    7.6794126160E+00    5.2882286830E-01
    4.7090877600E+00   -1.9736091521E+00
    3.6453135180E+00    1.2412253903E+00
    9.5342095100E-01    1.0823768303E+00
S   2  1.00
    1.0277697700E+00    8.4864038793E-01
    8.9582716900E-01    1.5181438820E-01
S   2  1.00
    1.3955529700E-01    7.1627289609E-01
    4.9340523000E-02    3.2386030507E-01
P   4  1.00
    8.2891445390E+00    7.0378885292E-01
    7.3163111400E+00   -9.2846316806E-01
    1.4491099800E+00    7.0128284739E-01
    6.0924338800E-01    4.5111324027E-01
P   2  1.00
    1.9368312000E-01    9.4749560972E-01
    4.4166144000E-02    9.2666542455E-02
D   4  1.00
    4.9103329500E+00   -7.9671870946E-02
    1.9386914260E+00    2.6797028091E-01
    8.6474756200E-01    4.9282476110E-01
    3.5733228400E-01    4.1528003141E-01
D   2  1.00
    1.3794633700E-01    9.1774536151E-01
    5.0242830000E-02    1.1989606267E-01
****
-Au 0
S   4  1.00
    8.4822473300E+00    9.4834929944E-01
    5.0088873710E+00   -3.7571967295E+00
    3.9534630800E+00    2.2058165154E+00
    1.0166742810E+00    1.1954699182E+00
S   2  1.00
    1.2445323180E+00    8.0510392723E-01
    3.0988582500E-01    2.5108145877E-01
S   2  1.00
    1.4759639800E-01    7.1003402395E-01
    4.7719647000E-02    3.3757327716E-01
P   4  1.00
    8.8315546910E+00    5.3077910506E-01
    7.5662827940E+00   -7.5122689216E-01
    1.5067004100E+00    7.2759152634E-01
    6.1282269300E-01    4.2617974372E-01
P   2  1.00
    1.7622196500E-01    7.5324052265E-01
    6.1994012000E-02    3.0978954447E-01
D   4  1.00
    5.1498883740E+00   -8.0929227570E-02
    2.0382878180E+00    2.7994541222E-01
    8.9801720700E-01    5.0479079997E-01
    3.6263585900E-01    3.9703917887E-01
D   2  1.00
    1.3845874100E-01    9.3873361746E-01
    4.6715591000E-02    9.5599426260E-02
****
-Hg 0
S   4  1.00
    9.5623002290E+00    7.8553468131E-01
    5.0793955320E+00   -3.7677352756E+00
    3.9828504710E+00    2.1079378382E+00
    9.6112740100E-01    1.1224248422E+00
S   2  1.00
    1.3778030600E+00    8.9846826719E-01
    3.8144067100E-01    1.3066934878E-01
S   2  1.00
    1.7235143400E-01    6.4397060283E-01
    6.3943841000E-02    3.9669622165E-01
P   4  1.00
    9.8931019330E+00    2.3874215281E-01
    7.4238124400E+00   -4.6012732993E-01
    1.6007386060E+00    7.3276212611E-01
    6.5267709600E-01    4.2345248795E-01
P   2  1.00
    1.8349808700E-01    6.5726401222E-01
    6.4592859000E-02    4.1618325727E-01
D   4  1.00
    5.3156924430E+00   -8.9139752398E-02
    2.2455545990E+00    2.7631062375E-01
    1.0019472660E+00    5.1181665121E-01
    4.1390288700E-01    3.9243902938E-01
D   2  1.00
    1.6721364300E-01    9.3778463048E-01
    6.7098162000E-02    8.5874370163E-02
****
-Tl 0
S   4  1.00
    1.5053130490E+00    3.1378758969E-01
    9.2640663900E-01   -7.2303406678E-01
    1.9547244200E-01    6.3450192989E-01
    7.9197571000E-02    6.1669291661E-01
S   2  1.00
    1.7942336700E-01    1.4232677100E-01
    7.2061846000E-02    8.7496641490E-01
P   4  1.00
    1.3404453910E+00    1.4642087827E-01
    8.6660478500E-01   -4.1771051271E-01
    2.1712344100E-01    5.8286057946E-01
    9.1408673000E-02    5.8794010245E-01
P   2  1.00
    5.9181727500E-01    1.3276473346E-02
    4.3682496000E-02    9.9749662833E-01
D   2  1.00
    1.1731483700E-01    4.2909508092E-01
    5.4459036000E-02    6.2925830650E-01
****
-Pb 0
S   4  1.00
    1.3417530040E+00    1.0398683744E+00
    1.1054976890E+00   -1.6126251923E+00
    2.1169900200E-01    9.7031897014E-01
    1.2954785600E-01    3.4425642815E-01
S   2  1.00
    5.4970603400E-01    8.3611475026E-02
    6.3284850000E-02    9.5759664459E-01
P   4  1.00
    1.4148039890E+00    3.1502569831E-01
    1.0240692150E+00   -5.9576861628E-01
    1.8602900600E-01    9.0170496211E-01
    8.2796301000E-02    2.4443559052E-01
P   2  1.00
    3.3108827000E-01    5.2738996244E-02
    4.6482916000E-02    9.8031791728E-01
D   2  1.00
    2.0049367200E-01    4.6172031502E-01
    8.8262123000E-02    6.0569685611E-01
****
-Bi 0
S   4  1.00
    1.5984523550E+00    1.4074739407E-01
    1.0240319340E+00   -7.8620404943E-01
    2.1169436200E-01    1.1410231317E+00
    1.8831532500E-01    1.7421481944E-01
S   2  1.00
    3.0242575200E-01    2.7298201315E-01
    8.4994052000E-02    7.7818564706E-01
P   4  1.00
    1.4947083460E+00    5.8053525098E-01
    1.2543674100E+00   -8.2975180115E-01
    2.0717531600E-01    9.3623552105E-01
    7.5039530000E-02    2.0789965540E-01
P   2  1.00
    1.9998513100E-01    3.6901936836E-02
    6.2373216000E-02    9.7494155647E-01
D   2  1.00
    1.2564296700E-01    5.8262974601E-01
    9.2809453000E-02    4.2707654050E-01
****
-Po 0
S   4  1.00
    1.8993154120E+00    8.0484733765E-01
    1.3302056840E+00   -1.6545104714E+00
    2.9544903000E-01    1.0701641704E+00
    1.9945192200E-01    3.7019748094E-01
S   2  1.00
    3.1502530000E-01    2.2262505188E-01
    1.0498841100E-01    8.1186756646E-01
P   4  1.00
    1.6119096390E+00    2.3505166299E-01
    1.0998677630E+00   -6.0330999409E-01
    2.0661790000E-01    8.2802449990E-01
    1.2099013300E-01    3.1317214875E-01
P   2  1.00
    4.7119770400E-01    5.1405074549E-01
    6.2603532000E-02    7.0383230215E-01
D   2  1.00
    1.6543394200E-01    6.0066981014E-01
    6.2674049000E-02    4.9184370356E-01
****
-At 0
S   4  1.00
    1.9241485810E+00    6.5458526185E-01
    1.3466887050E+00   -1.3290963758E+00
    3.5943911300E-01    7.9508200840E-01
    1.8878211700E-01    6.2607585149E-01
S   2  1.00
    4.3673304600E-01    8.6800991649E-02
    8.6660203000E-02    9.4214219622E-01
P   4  1.00
    2.0825443540E+00    7.4865527080E-02
    1.1602957130E+00   -3.0922078246E-01
    3.5056346400E-01    5.4826831185E-01
    1.6022069500E-01    6.1697322211E-01
P   2  1.00
    1.9131469400E-01    1.0381037370E-01
    6.9240935000E-02    9.2135254946E-01
D   2  1.00
    2.8619549100E-01    1.4437033757E-01
    1.6875802600E-01    8.6980380622E-01
****
-Rn 0
S   4  1.00
    1.9740197830E+00    7.7820115630E-01
    1.4783565010E+00   -1.4223182778E+00
    3.3829272000E-01    1.1538756055E+00
    1.3805066200E-01    2.5427473736E-01
S   2  1.00
    2.3923852200E-01    6.4185479679E-02
    1.1515673400E-01    9.4144410805E-01
P   4  1.00
    1.8660461130E+00    3.5191017655E-01
    1.5723348410E+00   -5.2044215173E-01
    3.1771624700E-01    7.3236998817E-01
    1.4123987400E-01    3.9282768029E-01
P   2  1.00
    2.0035395100E-01    1.0586741575E-01
    7.7190058000E-02    9.1714855794E-01
D   2  1.00
    3.3306555800E-01    1.6958931829E-01
    2.1410862700E-01    8.4194396311E-01
****


